[CalibratedNIDevices]
Dev1_8ch_IntSafe%20%3A%2010416.666667=10416.626359832637
Dev1_8ch_Int_4k%20%3A%204000.000000=4000
PXI1Slot3_8ch_IntSafe%20%3A%2025297.242601=25297.242601
PXI1Slot3_8ch_IntSafe_25000%20%3A%2025297.242601=25297.242601
