19398117651
0, 1.043302, 1.043302, 1.049234, 1.019805, 1.035139, 1.035139, 1.035139, 1.035139, 0.982694, 0.982694, 0.987921, 0.960094, 0.974684, 0.974684, 0.974684, 0.974684
1, 1.043302, 1.043302, 1.049234, 1.019805, 1.035139, 1.035139, 1.035139, 1.035139, 0.982694, 0.982694, 0.987921, 0.960094, 0.974684, 0.974684, 0.974684, 0.974684
2, 1.043302, 1.043302, 1.049234, 1.019805, 1.035139, 1.035139, 1.035139, 1.035139, 0.982694, 0.982694, 0.987921, 0.960094, 0.974684, 0.974684, 0.974684, 0.974684
3, 1.043302, 1.043302, 1.049234, 1.019805, 1.035139, 1.035139, 1.035139, 1.035139, 0.982694, 0.982694, 0.987921, 0.960094, 0.974684, 0.974684, 0.974684, 0.974684
4, 1.043302, 1.043302, 1.049234, 1.019805, 1.035139, 1.035139, 1.035139, 1.035139, 0.982694, 0.982694, 0.987921, 0.960094, 0.974684, 0.974684, 0.974684, 0.974684
5, 1.043302, 1.043302, 1.049234, 1.019805, 1.035139, 1.035139, 1.035139, 1.035139, 0.982694, 0.982694, 0.987921, 0.960094, 0.974684, 0.974684, 0.974684, 0.974684
6, 1.043302, 1.043302, 1.049234, 1.019805, 1.035139, 1.035139, 1.035139, 1.035139, 0.982694, 0.982694, 0.987921, 0.960094, 0.974684, 0.974684, 0.974684, 0.974684
7, 1.043302, 1.043302, 1.049234, 1.019805, 1.035139, 1.035139, 1.035139, 1.035139, 0.982694, 0.982694, 0.987921, 0.960094, 0.974684, 0.974684, 0.974684, 0.974684
8, 1.043302, 1.043302, 1.049234, 1.019805, 1.035139, 1.035139, 1.035139, 1.035139, 0.982694, 0.982694, 0.987921, 0.960094, 0.974684, 0.974684, 0.974684, 0.974684
9, 1.043302, 1.043302, 1.049234, 1.019805, 1.035139, 1.035139, 1.035139, 1.035139, 0.982694, 0.982694, 0.987921, 0.960094, 0.974684, 0.974684, 0.974684, 0.974684
10, 1.043302, 1.043302, 1.049234, 1.019805, 1.035139, 1.035139, 1.035139, 1.035139, 0.982694, 0.982694, 0.987921, 0.960094, 0.974684, 0.974684, 0.974684, 0.974684
11, 1.043302, 1.043302, 1.049234, 1.019805, 1.035139, 1.035139, 1.035139, 1.035139, 0.982694, 0.982694, 0.987921, 0.960094, 0.974684, 0.974684, 0.974684, 0.974684
12, 1.043302, 1.043302, 1.049234, 1.019805, 1.035139, 1.035139, 1.035139, 1.035139, 0.982694, 0.982694, 0.987921, 0.960094, 0.974684, 0.974684, 0.974684, 0.974684
13, 1.043302, 1.043302, 1.049234, 1.019805, 1.035139, 1.035139, 1.035139, 1.035139, 0.982694, 0.982694, 0.987921, 0.960094, 0.974684, 0.974684, 0.974684, 0.974684
14, 1.043302, 1.043302, 1.049234, 1.019805, 1.035139, 1.035139, 1.035139, 1.035139, 0.982694, 0.982694, 0.987921, 0.960094, 0.974684, 0.974684, 0.974684, 0.974684
15, 1.043302, 1.043302, 1.049234, 1.019805, 1.035139, 1.035139, 1.035139, 1.035139, 0.982694, 0.982694, 0.987921, 0.960094, 0.974684, 0.974684, 0.974684, 0.974684
16, 1.043302, 1.043302, 1.049234, 1.019805, 1.035139, 1.035139, 1.035139, 1.035139, 0.982694, 0.982694, 0.987921, 0.960094, 0.974684, 0.974684, 0.974684, 0.974684
17, 1.043302, 1.043302, 1.049234, 1.019805, 1.035139, 1.035139, 1.035139, 1.035139, 0.982694, 0.982694, 0.987921, 0.960094, 0.974684, 0.974684, 0.974684, 0.974684
18, 1.043302, 1.043302, 1.049234, 1.019805, 1.035139, 1.035139, 1.035139, 1.035139, 0.982694, 0.982694, 0.987921, 0.960094, 0.974684, 0.974684, 0.974684, 0.974684
19, 1.043302, 1.043302, 1.049234, 1.019805, 1.035139, 1.035139, 1.035139, 1.035139, 0.982694, 0.982694, 0.987921, 0.960094, 0.974684, 0.974684, 0.974684, 0.974684
20, 1.043302, 1.043302, 1.049234, 1.019805, 1.035139, 1.035139, 1.035139, 1.035139, 0.982694, 0.982694, 0.987921, 0.960094, 0.974684, 0.974684, 0.974684, 0.974684
21, 1.043302, 1.043302, 1.049234, 1.019805, 1.035139, 1.035139, 1.035139, 1.035139, 0.982694, 0.982694, 0.987921, 0.960094, 0.974684, 0.974684, 0.974684, 0.974684
22, 1.043302, 1.043302, 1.049234, 1.019805, 1.035139, 1.035139, 1.035139, 1.035139, 0.982694, 0.982694, 0.987921, 0.960094, 0.974684, 0.974684, 0.974684, 0.974684
23, 1.043302, 1.043302, 1.049234, 1.019805, 1.035139, 1.035139, 1.035139, 1.035139, 0.982694, 0.982694, 0.987921, 0.960094, 0.974684, 0.974684, 0.974684, 0.974684
24, 1.043302, 1.043302, 1.049234, 1.019805, 1.035139, 1.035139, 1.035139, 1.035139, 0.982694, 0.982694, 0.987921, 0.960094, 0.974684, 0.974684, 0.974684, 0.974684
25, 1.043302, 1.043302, 1.049234, 1.019805, 1.035139, 1.035139, 1.035139, 1.035139, 0.982694, 0.982694, 0.987921, 0.960094, 0.974684, 0.974684, 0.974684, 0.974684
26, 1.043302, 1.043302, 1.049234, 1.019805, 1.035139, 1.035139, 1.035139, 1.035139, 0.982694, 0.982694, 0.987921, 0.960094, 0.974684, 0.974684, 0.974684, 0.974684
27, 1.043302, 1.043302, 1.049234, 1.019805, 1.035139, 1.035139, 1.035139, 1.035139, 0.982694, 0.982694, 0.987921, 0.960094, 0.974684, 0.974684, 0.974684, 0.974684
28, 1.043302, 1.043302, 1.049234, 1.019805, 1.035139, 1.035139, 1.035139, 1.035139, 0.982694, 0.982694, 0.987921, 0.960094, 0.974684, 0.974684, 0.974684, 0.974684
29, 1.043302, 1.043302, 1.049234, 1.019805, 1.035139, 1.035139, 1.035139, 1.035139, 0.982694, 0.982694, 0.987921, 0.960094, 0.974684, 0.974684, 0.974684, 0.974684
30, 1.043302, 1.043302, 1.049234, 1.019805, 1.035139, 1.035139, 1.035139, 1.035139, 0.982694, 0.982694, 0.987921, 0.960094, 0.974684, 0.974684, 0.974684, 0.974684
31, 1.043302, 1.043302, 1.049234, 1.019805, 1.035139, 1.035139, 1.035139, 1.035139, 0.982694, 0.982694, 0.987921, 0.960094, 0.974684, 0.974684, 0.974684, 0.974684
32, 1.043302, 1.043302, 1.049234, 1.019805, 1.035139, 1.035139, 1.035139, 1.035139, 0.982694, 0.982694, 0.987921, 0.960094, 0.974684, 0.974684, 0.974684, 0.974684
33, 1.043302, 1.043302, 1.049234, 1.019805, 1.035139, 1.035139, 1.035139, 1.035139, 0.982694, 0.982694, 0.987921, 0.960094, 0.974684, 0.974684, 0.974684, 0.974684
34, 1.043302, 1.043302, 1.049234, 1.019805, 1.035139, 1.035139, 1.035139, 1.035139, 0.982694, 0.982694, 0.987921, 0.960094, 0.974684, 0.974684, 0.974684, 0.974684
35, 1.043302, 1.043302, 1.049234, 1.019805, 1.035139, 1.035139, 1.035139, 1.035139, 0.982694, 0.982694, 0.987921, 0.960094, 0.974684, 0.974684, 0.974684, 0.974684
36, 1.043302, 1.043302, 1.049234, 1.019805, 1.035139, 1.035139, 1.035139, 1.035139, 0.982694, 0.982694, 0.987921, 0.960094, 0.974684, 0.974684, 0.974684, 0.974684
37, 1.043302, 1.043302, 1.049234, 1.019805, 1.035139, 1.035139, 1.035139, 1.035139, 0.982694, 0.982694, 0.987921, 0.960094, 0.974684, 0.974684, 0.974684, 0.974684
38, 1.043302, 1.043302, 1.049234, 1.019805, 1.035139, 1.035139, 1.035139, 1.035139, 0.982694, 0.982694, 0.987921, 0.960094, 0.974684, 0.974684, 0.974684, 0.974684
39, 1.043302, 1.043302, 1.049234, 1.019805, 1.035139, 1.035139, 1.035139, 1.035139, 0.982694, 0.982694, 0.987921, 0.960094, 0.974684, 0.974684, 0.974684, 0.974684
40, 1.043302, 1.043302, 1.049234, 1.019805, 1.035139, 1.035139, 1.035139, 1.035139, 0.982694, 0.982694, 0.987921, 0.960094, 0.974684, 0.974684, 0.974684, 0.974684
41, 1.043302, 1.043302, 1.049234, 1.019805, 1.035139, 1.035139, 1.035139, 1.035139, 0.982694, 0.982694, 0.987921, 0.960094, 0.974684, 0.974684, 0.974684, 0.974684
42, 1.043302, 1.043302, 1.049234, 1.019805, 1.035139, 1.035139, 1.035139, 1.035139, 0.982694, 0.982694, 0.987921, 0.960094, 0.974684, 0.974684, 0.974684, 0.974684
43, 1.043302, 1.043302, 1.049234, 1.019805, 1.035139, 1.035139, 1.035139, 1.035139, 0.982694, 0.982694, 0.987921, 0.960094, 0.974684, 0.974684, 0.974684, 0.974684
44, 1.043302, 1.043302, 1.049234, 1.019805, 1.035139, 1.035139, 1.035139, 1.035139, 0.982694, 0.982694, 0.987921, 0.960094, 0.974684, 0.974684, 0.974684, 0.974684
45, 1.043302, 1.043302, 1.049234, 1.019805, 1.035139, 1.035139, 1.035139, 1.035139, 0.982694, 0.982694, 0.987921, 0.960094, 0.974684, 0.974684, 0.974684, 0.974684
46, 1.043302, 1.043302, 1.049234, 1.019805, 1.035139, 1.035139, 1.035139, 1.035139, 0.982694, 0.982694, 0.987921, 0.960094, 0.974684, 0.974684, 0.974684, 0.974684
47, 1.043302, 1.043302, 1.049234, 1.019805, 1.035139, 1.035139, 1.035139, 1.035139, 0.982694, 0.982694, 0.987921, 0.960094, 0.974684, 0.974684, 0.974684, 0.974684
48, 1.043302, 1.043302, 1.049234, 1.019805, 1.035139, 1.035139, 1.035139, 1.035139, 0.982694, 0.982694, 0.987921, 0.960094, 0.974684, 0.974684, 0.974684, 0.974684
49, 1.043302, 1.043302, 1.049234, 1.019805, 1.035139, 1.035139, 1.035139, 1.035139, 0.982694, 0.982694, 0.987921, 0.960094, 0.974684, 0.974684, 0.974684, 0.974684
50, 1.043302, 1.043302, 1.049234, 1.019805, 1.035139, 1.035139, 1.035139, 1.035139, 0.982694, 0.982694, 0.987921, 0.960094, 0.974684, 0.974684, 0.974684, 0.974684
51, 1.043302, 1.043302, 1.049234, 1.019805, 1.035139, 1.035139, 1.035139, 1.035139, 0.982694, 0.982694, 0.987921, 0.960094, 0.974684, 0.974684, 0.974684, 0.974684
52, 1.043302, 1.043302, 1.049234, 1.019805, 1.035139, 1.035139, 1.035139, 1.035139, 0.982694, 0.982694, 0.987921, 0.960094, 0.974684, 0.974684, 0.974684, 0.974684
53, 1.043302, 1.043302, 1.049234, 1.019805, 1.035139, 1.035139, 1.035139, 1.035139, 0.982694, 0.982694, 0.987921, 0.960094, 0.974684, 0.974684, 0.974684, 0.974684
54, 1.043302, 1.043302, 1.049234, 1.019805, 1.035139, 1.035139, 1.035139, 1.035139, 0.982694, 0.982694, 0.987921, 0.960094, 0.974684, 0.974684, 0.974684, 0.974684
55, 1.043302, 1.043302, 1.049234, 1.019805, 1.035139, 1.035139, 1.035139, 1.035139, 0.982694, 0.982694, 0.987921, 0.960094, 0.974684, 0.974684, 0.974684, 0.974684
56, 1.043302, 1.043302, 1.049234, 1.019805, 1.035139, 1.035139, 1.035139, 1.035139, 0.982694, 0.982694, 0.987921, 0.960094, 0.974684, 0.974684, 0.974684, 0.974684
57, 1.043302, 1.043302, 1.049234, 1.019805, 1.035139, 1.035139, 1.035139, 1.035139, 0.982694, 0.982694, 0.987921, 0.960094, 0.974684, 0.974684, 0.974684, 0.974684
58, 1.043302, 1.043302, 1.049234, 1.019805, 1.035139, 1.035139, 1.035139, 1.035139, 0.982694, 0.982694, 0.987921, 0.960094, 0.974684, 0.974684, 0.974684, 0.974684
59, 1.043302, 1.043302, 1.049234, 1.019805, 1.035139, 1.035139, 1.035139, 1.035139, 0.982694, 0.982694, 0.987921, 0.960094, 0.974684, 0.974684, 0.974684, 0.974684
60, 1.043302, 1.043302, 1.049234, 1.019805, 1.035139, 1.035139, 1.035139, 1.035139, 0.982694, 0.982694, 0.987921, 0.960094, 0.974684, 0.974684, 0.974684, 0.974684
61, 1.043302, 1.043302, 1.049234, 1.019805, 1.035139, 1.035139, 1.035139, 1.035139, 0.982694, 0.982694, 0.987921, 0.960094, 0.974684, 0.974684, 0.974684, 0.974684
62, 1.043302, 1.043302, 1.049234, 1.019805, 1.035139, 1.035139, 1.035139, 1.035139, 0.982694, 0.982694, 0.987921, 0.960094, 0.974684, 0.974684, 0.974684, 0.974684
63, 1.043302, 1.043302, 1.049234, 1.019805, 1.035139, 1.035139, 1.035139, 1.035139, 0.982694, 0.982694, 0.987921, 0.960094, 0.974684, 0.974684, 0.974684, 0.974684
64, 1.043302, 1.043302, 1.049234, 1.019805, 1.035139, 1.035139, 1.035139, 1.035139, 0.982694, 0.982694, 0.987921, 0.960094, 0.974684, 0.974684, 0.974684, 0.974684
65, 1.043302, 1.043302, 1.049234, 1.019805, 1.035139, 1.035139, 1.035139, 1.035139, 0.982694, 0.982694, 0.987921, 0.960094, 0.974684, 0.974684, 0.974684, 0.974684
66, 1.043302, 1.043302, 1.049234, 1.019805, 1.035139, 1.035139, 1.035139, 1.035139, 0.982694, 0.982694, 0.987921, 0.960094, 0.974684, 0.974684, 0.974684, 0.974684
67, 1.043302, 1.043302, 1.049234, 1.019805, 1.035139, 1.035139, 1.035139, 1.035139, 0.982694, 0.982694, 0.987921, 0.960094, 0.974684, 0.974684, 0.974684, 0.974684
68, 1.043302, 1.043302, 1.049234, 1.019805, 1.035139, 1.035139, 1.035139, 1.035139, 0.982694, 0.982694, 0.987921, 0.960094, 0.974684, 0.974684, 0.974684, 0.974684
69, 1.043302, 1.043302, 1.049234, 1.019805, 1.035139, 1.035139, 1.035139, 1.035139, 0.982694, 0.982694, 0.987921, 0.960094, 0.974684, 0.974684, 0.974684, 0.974684
70, 1.043302, 1.043302, 1.049234, 1.019805, 1.035139, 1.035139, 1.035139, 1.035139, 0.982694, 0.982694, 0.987921, 0.960094, 0.974684, 0.974684, 0.974684, 0.974684
71, 1.043302, 1.043302, 1.049234, 1.019805, 1.035139, 1.035139, 1.035139, 1.035139, 0.982694, 0.982694, 0.987921, 0.960094, 0.974684, 0.974684, 0.974684, 0.974684
72, 1.043302, 1.043302, 1.049234, 1.019805, 1.035139, 1.035139, 1.035139, 1.035139, 0.982694, 0.982694, 0.987921, 0.960094, 0.974684, 0.974684, 0.974684, 0.974684
73, 1.043302, 1.043302, 1.049234, 1.019805, 1.035139, 1.035139, 1.035139, 1.035139, 0.982694, 0.982694, 0.987921, 0.960094, 0.974684, 0.974684, 0.974684, 0.974684
74, 1.043302, 1.043302, 1.049234, 1.019805, 1.035139, 1.035139, 1.035139, 1.035139, 0.982694, 0.982694, 0.987921, 0.960094, 0.974684, 0.974684, 0.974684, 0.974684
75, 1.043302, 1.043302, 1.049234, 1.019805, 1.035139, 1.035139, 1.035139, 1.035139, 0.982694, 0.982694, 0.987921, 0.960094, 0.974684, 0.974684, 0.974684, 0.974684
76, 1.043302, 1.043302, 1.049234, 1.019805, 1.035139, 1.035139, 1.035139, 1.035139, 0.982694, 0.982694, 0.987921, 0.960094, 0.974684, 0.974684, 0.974684, 0.974684
77, 1.043302, 1.043302, 1.049234, 1.019805, 1.035139, 1.035139, 1.035139, 1.035139, 0.982694, 0.982694, 0.987921, 0.960094, 0.974684, 0.974684, 0.974684, 0.974684
78, 1.043302, 1.043302, 1.049234, 1.019805, 1.035139, 1.035139, 1.035139, 1.035139, 0.982694, 0.982694, 0.987921, 0.960094, 0.974684, 0.974684, 0.974684, 0.974684
79, 1.043302, 1.043302, 1.049234, 1.019805, 1.035139, 1.035139, 1.035139, 1.035139, 0.982694, 0.982694, 0.987921, 0.960094, 0.974684, 0.974684, 0.974684, 0.974684
80, 1.043302, 1.043302, 1.049234, 1.019805, 1.035139, 1.035139, 1.035139, 1.035139, 0.982694, 0.982694, 0.987921, 0.960094, 0.974684, 0.974684, 0.974684, 0.974684
81, 1.043302, 1.043302, 1.049234, 1.019805, 1.035139, 1.035139, 1.035139, 1.035139, 0.982694, 0.982694, 0.987921, 0.960094, 0.974684, 0.974684, 0.974684, 0.974684
82, 1.043302, 1.043302, 1.049234, 1.019805, 1.035139, 1.035139, 1.035139, 1.035139, 0.982694, 0.982694, 0.987921, 0.960094, 0.974684, 0.974684, 0.974684, 0.974684
83, 1.043302, 1.043302, 1.049234, 1.019805, 1.035139, 1.035139, 1.035139, 1.035139, 0.982694, 0.982694, 0.987921, 0.960094, 0.974684, 0.974684, 0.974684, 0.974684
84, 1.043302, 1.043302, 1.049234, 1.019805, 1.035139, 1.035139, 1.035139, 1.035139, 0.982694, 0.982694, 0.987921, 0.960094, 0.974684, 0.974684, 0.974684, 0.974684
85, 1.043302, 1.043302, 1.049234, 1.019805, 1.035139, 1.035139, 1.035139, 1.035139, 0.982694, 0.982694, 0.987921, 0.960094, 0.974684, 0.974684, 0.974684, 0.974684
86, 1.043302, 1.043302, 1.049234, 1.019805, 1.035139, 1.035139, 1.035139, 1.035139, 0.982694, 0.982694, 0.987921, 0.960094, 0.974684, 0.974684, 0.974684, 0.974684
87, 1.043302, 1.043302, 1.049234, 1.019805, 1.035139, 1.035139, 1.035139, 1.035139, 0.982694, 0.982694, 0.987921, 0.960094, 0.974684, 0.974684, 0.974684, 0.974684
88, 1.043302, 1.043302, 1.049234, 1.019805, 1.035139, 1.035139, 1.035139, 1.035139, 0.982694, 0.982694, 0.987921, 0.960094, 0.974684, 0.974684, 0.974684, 0.974684
89, 1.043302, 1.043302, 1.049234, 1.019805, 1.035139, 1.035139, 1.035139, 1.035139, 0.982694, 0.982694, 0.987921, 0.960094, 0.974684, 0.974684, 0.974684, 0.974684
90, 1.043302, 1.043302, 1.049234, 1.019805, 1.035139, 1.035139, 1.035139, 1.035139, 0.982694, 0.982694, 0.987921, 0.960094, 0.974684, 0.974684, 0.974684, 0.974684
91, 1.043302, 1.043302, 1.049234, 1.019805, 1.035139, 1.035139, 1.035139, 1.035139, 0.982694, 0.982694, 0.987921, 0.960094, 0.974684, 0.974684, 0.974684, 0.974684
92, 1.043302, 1.043302, 1.049234, 1.019805, 1.035139, 1.035139, 1.035139, 1.035139, 0.982694, 0.982694, 0.987921, 0.960094, 0.974684, 0.974684, 0.974684, 0.974684
93, 1.043302, 1.043302, 1.049234, 1.019805, 1.035139, 1.035139, 1.035139, 1.035139, 0.982694, 0.982694, 0.987921, 0.960094, 0.974684, 0.974684, 0.974684, 0.974684
94, 1.043302, 1.043302, 1.049234, 1.019805, 1.035139, 1.035139, 1.035139, 1.035139, 0.982694, 0.982694, 0.987921, 0.960094, 0.974684, 0.974684, 0.974684, 0.974684
95, 1.043302, 1.043302, 1.049234, 1.019805, 1.035139, 1.035139, 1.035139, 1.035139, 0.982694, 0.982694, 0.987921, 0.960094, 0.974684, 0.974684, 0.974684, 0.974684
96, 1.043302, 1.043302, 1.049234, 1.019805, 1.035139, 1.035139, 1.035139, 1.035139, 0.982694, 0.982694, 0.987921, 0.960094, 0.974684, 0.974684, 0.974684, 0.974684
97, 1.043302, 1.043302, 1.049234, 1.019805, 1.035139, 1.035139, 1.035139, 1.035139, 0.982694, 0.982694, 0.987921, 0.960094, 0.974684, 0.974684, 0.974684, 0.974684
98, 1.043302, 1.043302, 1.049234, 1.019805, 1.035139, 1.035139, 1.035139, 1.035139, 0.982694, 0.982694, 0.987921, 0.960094, 0.974684, 0.974684, 0.974684, 0.974684
99, 1.043302, 1.043302, 1.049234, 1.019805, 1.035139, 1.035139, 1.035139, 1.035139, 0.982694, 0.982694, 0.987921, 0.960094, 0.974684, 0.974684, 0.974684, 0.974684
100, 1.043302, 1.043302, 1.049234, 1.019805, 1.035139, 1.035139, 1.035139, 1.035139, 0.982694, 0.982694, 0.987921, 0.960094, 0.974684, 0.974684, 0.974684, 0.974684
101, 1.043302, 1.043302, 1.049234, 1.019805, 1.035139, 1.035139, 1.035139, 1.035139, 0.982694, 0.982694, 0.987921, 0.960094, 0.974684, 0.974684, 0.974684, 0.974684
102, 1.043302, 1.043302, 1.049234, 1.019805, 1.035139, 1.035139, 1.035139, 1.035139, 0.982694, 0.982694, 0.987921, 0.960094, 0.974684, 0.974684, 0.974684, 0.974684
103, 1.043302, 1.043302, 1.049234, 1.019805, 1.035139, 1.035139, 1.035139, 1.035139, 0.982694, 0.982694, 0.987921, 0.960094, 0.974684, 0.974684, 0.974684, 0.974684
104, 1.043302, 1.043302, 1.049234, 1.019805, 1.035139, 1.035139, 1.035139, 1.035139, 0.982694, 0.982694, 0.987921, 0.960094, 0.974684, 0.974684, 0.974684, 0.974684
105, 1.043302, 1.043302, 1.049234, 1.019805, 1.035139, 1.035139, 1.035139, 1.035139, 0.982694, 0.982694, 0.987921, 0.960094, 0.974684, 0.974684, 0.974684, 0.974684
106, 1.043302, 1.043302, 1.049234, 1.019805, 1.035139, 1.035139, 1.035139, 1.035139, 0.982694, 0.982694, 0.987921, 0.960094, 0.974684, 0.974684, 0.974684, 0.974684
107, 1.043302, 1.043302, 1.049234, 1.019805, 1.035139, 1.035139, 1.035139, 1.035139, 0.982694, 0.982694, 0.987921, 0.960094, 0.974684, 0.974684, 0.974684, 0.974684
108, 1.043302, 1.043302, 1.049234, 1.019805, 1.035139, 1.035139, 1.035139, 1.035139, 0.982694, 0.982694, 0.987921, 0.960094, 0.974684, 0.974684, 0.974684, 0.974684
109, 1.043302, 1.043302, 1.049234, 1.019805, 1.035139, 1.035139, 1.035139, 1.035139, 0.982694, 0.982694, 0.987921, 0.960094, 0.974684, 0.974684, 0.974684, 0.974684
110, 1.043302, 1.043302, 1.049234, 1.019805, 1.035139, 1.035139, 1.035139, 1.035139, 0.982694, 0.982694, 0.987921, 0.960094, 0.974684, 0.974684, 0.974684, 0.974684
111, 1.043302, 1.043302, 1.049234, 1.019805, 1.035139, 1.035139, 1.035139, 1.035139, 0.982694, 0.982694, 0.987921, 0.960094, 0.974684, 0.974684, 0.974684, 0.974684
112, 1.043302, 1.043302, 1.049234, 1.019805, 1.035139, 1.035139, 1.035139, 1.035139, 0.982694, 0.982694, 0.987921, 0.960094, 0.974684, 0.974684, 0.974684, 0.974684
113, 1.043302, 1.043302, 1.049234, 1.019805, 1.035139, 1.035139, 1.035139, 1.035139, 0.982694, 0.982694, 0.987921, 0.960094, 0.974684, 0.974684, 0.974684, 0.974684
114, 1.043302, 1.043302, 1.049234, 1.019805, 1.035139, 1.035139, 1.035139, 1.035139, 0.982694, 0.982694, 0.987921, 0.960094, 0.974684, 0.974684, 0.974684, 0.974684
115, 1.043302, 1.043302, 1.049234, 1.019805, 1.035139, 1.035139, 1.035139, 1.035139, 0.982694, 0.982694, 0.987921, 0.960094, 0.974684, 0.974684, 0.974684, 0.974684
116, 1.043302, 1.043302, 1.049234, 1.019805, 1.035139, 1.035139, 1.035139, 1.035139, 0.982694, 0.982694, 0.987921, 0.960094, 0.974684, 0.974684, 0.974684, 0.974684
117, 1.043302, 1.043302, 1.049234, 1.019805, 1.035139, 1.035139, 1.035139, 1.035139, 0.982694, 0.982694, 0.987921, 0.960094, 0.974684, 0.974684, 0.974684, 0.974684
118, 1.043302, 1.043302, 1.049234, 1.019805, 1.035139, 1.035139, 1.035139, 1.035139, 0.982694, 0.982694, 0.987921, 0.960094, 0.974684, 0.974684, 0.974684, 0.974684
119, 1.043302, 1.043302, 1.049234, 1.019805, 1.035139, 1.035139, 1.035139, 1.035139, 0.982694, 0.982694, 0.987921, 0.960094, 0.974684, 0.974684, 0.974684, 0.974684
120, 1.043302, 1.043302, 1.049234, 1.019805, 1.035139, 1.035139, 1.035139, 1.035139, 0.982694, 0.982694, 0.987921, 0.960094, 0.974684, 0.974684, 0.974684, 0.974684
121, 1.043302, 1.043302, 1.049234, 1.019805, 1.035139, 1.035139, 1.035139, 1.035139, 0.982694, 0.982694, 0.987921, 0.960094, 0.974684, 0.974684, 0.974684, 0.974684
122, 1.043302, 1.043302, 1.049234, 1.019805, 1.035139, 1.035139, 1.035139, 1.035139, 0.982694, 0.982694, 0.987921, 0.960094, 0.974684, 0.974684, 0.974684, 0.974684
123, 1.043302, 1.043302, 1.049234, 1.019805, 1.035139, 1.035139, 1.035139, 1.035139, 0.982694, 0.982694, 0.987921, 0.960094, 0.974684, 0.974684, 0.974684, 0.974684
124, 1.043302, 1.043302, 1.049234, 1.019805, 1.035139, 1.035139, 1.035139, 1.035139, 0.982694, 0.982694, 0.987921, 0.960094, 0.974684, 0.974684, 0.974684, 0.974684
125, 1.043302, 1.043302, 1.049234, 1.019805, 1.035139, 1.035139, 1.035139, 1.035139, 0.982694, 0.982694, 0.987921, 0.960094, 0.974684, 0.974684, 0.974684, 0.974684
126, 1.043302, 1.043302, 1.049234, 1.019805, 1.035139, 1.035139, 1.035139, 1.035139, 0.982694, 0.982694, 0.987921, 0.960094, 0.974684, 0.974684, 0.974684, 0.974684
127, 1.043302, 1.043302, 1.049234, 1.019805, 1.035139, 1.035139, 1.035139, 1.035139, 0.982694, 0.982694, 0.987921, 0.960094, 0.974684, 0.974684, 0.974684, 0.974684
128, 1.043302, 1.043302, 1.049234, 1.019805, 1.035139, 1.035139, 1.035139, 1.035139, 0.982694, 0.982694, 0.987921, 0.960094, 0.974684, 0.974684, 0.974684, 0.974684
129, 1.043302, 1.043302, 1.049234, 1.019805, 1.035139, 1.035139, 1.035139, 1.035139, 0.982694, 0.982694, 0.987921, 0.960094, 0.974684, 0.974684, 0.974684, 0.974684
130, 1.043302, 1.043302, 1.049234, 1.019805, 1.035139, 1.035139, 1.035139, 1.035139, 0.982694, 0.982694, 0.987921, 0.960094, 0.974684, 0.974684, 0.974684, 0.974684
131, 1.043302, 1.043302, 1.049234, 1.019805, 1.035139, 1.035139, 1.035139, 1.035139, 0.982694, 0.982694, 0.987921, 0.960094, 0.974684, 0.974684, 0.974684, 0.974684
132, 1.043302, 1.043302, 1.049234, 1.019805, 1.035139, 1.035139, 1.035139, 1.035139, 0.982694, 0.982694, 0.987921, 0.960094, 0.974684, 0.974684, 0.974684, 0.974684
133, 1.043302, 1.043302, 1.049234, 1.019805, 1.035139, 1.035139, 1.035139, 1.035139, 0.982694, 0.982694, 0.987921, 0.960094, 0.974684, 0.974684, 0.974684, 0.974684
134, 1.043302, 1.043302, 1.049234, 1.019805, 1.035139, 1.035139, 1.035139, 1.035139, 0.982694, 0.982694, 0.987921, 0.960094, 0.974684, 0.974684, 0.974684, 0.974684
135, 1.043302, 1.043302, 1.049234, 1.019805, 1.035139, 1.035139, 1.035139, 1.035139, 0.982694, 0.982694, 0.987921, 0.960094, 0.974684, 0.974684, 0.974684, 0.974684
136, 1.043302, 1.043302, 1.049234, 1.019805, 1.035139, 1.035139, 1.035139, 1.035139, 0.982694, 0.982694, 0.987921, 0.960094, 0.974684, 0.974684, 0.974684, 0.974684
137, 1.043302, 1.043302, 1.049234, 1.019805, 1.035139, 1.035139, 1.035139, 1.035139, 0.982694, 0.982694, 0.987921, 0.960094, 0.974684, 0.974684, 0.974684, 0.974684
138, 1.043302, 1.043302, 1.049234, 1.019805, 1.035139, 1.035139, 1.035139, 1.035139, 0.982694, 0.982694, 0.987921, 0.960094, 0.974684, 0.974684, 0.974684, 0.974684
139, 1.043302, 1.043302, 1.049234, 1.019805, 1.035139, 1.035139, 1.035139, 1.035139, 0.982694, 0.982694, 0.987921, 0.960094, 0.974684, 0.974684, 0.974684, 0.974684
140, 1.043302, 1.043302, 1.049234, 1.019805, 1.035139, 1.035139, 1.035139, 1.035139, 0.982694, 0.982694, 0.987921, 0.960094, 0.974684, 0.974684, 0.974684, 0.974684
141, 1.043302, 1.043302, 1.049234, 1.019805, 1.035139, 1.035139, 1.035139, 1.035139, 0.982694, 0.982694, 0.987921, 0.960094, 0.974684, 0.974684, 0.974684, 0.974684
142, 1.043302, 1.043302, 1.049234, 1.019805, 1.035139, 1.035139, 1.035139, 1.035139, 0.982694, 0.982694, 0.987921, 0.960094, 0.974684, 0.974684, 0.974684, 0.974684
143, 1.043302, 1.043302, 1.049234, 1.019805, 1.035139, 1.035139, 1.035139, 1.035139, 0.982694, 0.982694, 0.987921, 0.960094, 0.974684, 0.974684, 0.974684, 0.974684
144, 1.043302, 1.043302, 1.049234, 1.019805, 1.035139, 1.035139, 1.035139, 1.035139, 0.982694, 0.982694, 0.987921, 0.960094, 0.974684, 0.974684, 0.974684, 0.974684
145, 1.043302, 1.043302, 1.049234, 1.019805, 1.035139, 1.035139, 1.035139, 1.035139, 0.982694, 0.982694, 0.987921, 0.960094, 0.974684, 0.974684, 0.974684, 0.974684
146, 1.043302, 1.043302, 1.049234, 1.019805, 1.035139, 1.035139, 1.035139, 1.035139, 0.982694, 0.982694, 0.987921, 0.960094, 0.974684, 0.974684, 0.974684, 0.974684
147, 1.043302, 1.043302, 1.049234, 1.019805, 1.035139, 1.035139, 1.035139, 1.035139, 0.982694, 0.982694, 0.987921, 0.960094, 0.974684, 0.974684, 0.974684, 0.974684
148, 1.043302, 1.043302, 1.049234, 1.019805, 1.035139, 1.035139, 1.035139, 1.035139, 0.982694, 0.982694, 0.987921, 0.960094, 0.974684, 0.974684, 0.974684, 0.974684
149, 1.043302, 1.043302, 1.049234, 1.019805, 1.035139, 1.035139, 1.035139, 1.035139, 0.982694, 0.982694, 0.987921, 0.960094, 0.974684, 0.974684, 0.974684, 0.974684
150, 1.043302, 1.043302, 1.049234, 1.019805, 1.035139, 1.035139, 1.035139, 1.035139, 0.982694, 0.982694, 0.987921, 0.960094, 0.974684, 0.974684, 0.974684, 0.974684
151, 1.043302, 1.043302, 1.049234, 1.019805, 1.035139, 1.035139, 1.035139, 1.035139, 0.982694, 0.982694, 0.987921, 0.960094, 0.974684, 0.974684, 0.974684, 0.974684
152, 1.043302, 1.043302, 1.049234, 1.019805, 1.035139, 1.035139, 1.035139, 1.035139, 0.982694, 0.982694, 0.987921, 0.960094, 0.974684, 0.974684, 0.974684, 0.974684
153, 1.043302, 1.043302, 1.049234, 1.019805, 1.035139, 1.035139, 1.035139, 1.035139, 0.982694, 0.982694, 0.987921, 0.960094, 0.974684, 0.974684, 0.974684, 0.974684
154, 1.043302, 1.043302, 1.049234, 1.019805, 1.035139, 1.035139, 1.035139, 1.035139, 0.982694, 0.982694, 0.987921, 0.960094, 0.974684, 0.974684, 0.974684, 0.974684
155, 1.043302, 1.043302, 1.049234, 1.019805, 1.035139, 1.035139, 1.035139, 1.035139, 0.982694, 0.982694, 0.987921, 0.960094, 0.974684, 0.974684, 0.974684, 0.974684
156, 1.043302, 1.043302, 1.049234, 1.019805, 1.035139, 1.035139, 1.035139, 1.035139, 0.982694, 0.982694, 0.987921, 0.960094, 0.974684, 0.974684, 0.974684, 0.974684
157, 1.043302, 1.043302, 1.049234, 1.019805, 1.035139, 1.035139, 1.035139, 1.035139, 0.982694, 0.982694, 0.987921, 0.960094, 0.974684, 0.974684, 0.974684, 0.974684
158, 1.043302, 1.043302, 1.049234, 1.019805, 1.035139, 1.035139, 1.035139, 1.035139, 0.982694, 0.982694, 0.987921, 0.960094, 0.974684, 0.974684, 0.974684, 0.974684
159, 1.043302, 1.043302, 1.049234, 1.019805, 1.035139, 1.035139, 1.035139, 1.035139, 0.982694, 0.982694, 0.987921, 0.960094, 0.974684, 0.974684, 0.974684, 0.974684
160, 1.043302, 1.043302, 1.049234, 1.019805, 1.035139, 1.035139, 1.035139, 1.035139, 0.982694, 0.982694, 0.987921, 0.960094, 0.974684, 0.974684, 0.974684, 0.974684
161, 1.043302, 1.043302, 1.049234, 1.019805, 1.035139, 1.035139, 1.035139, 1.035139, 0.982694, 0.982694, 0.987921, 0.960094, 0.974684, 0.974684, 0.974684, 0.974684
162, 1.043302, 1.043302, 1.049234, 1.019805, 1.035139, 1.035139, 1.035139, 1.035139, 0.982694, 0.982694, 0.987921, 0.960094, 0.974684, 0.974684, 0.974684, 0.974684
163, 1.043302, 1.043302, 1.049234, 1.019805, 1.035139, 1.035139, 1.035139, 1.035139, 0.982694, 0.982694, 0.987921, 0.960094, 0.974684, 0.974684, 0.974684, 0.974684
164, 1.043302, 1.043302, 1.049234, 1.019805, 1.035139, 1.035139, 1.035139, 1.035139, 0.982694, 0.982694, 0.987921, 0.960094, 0.974684, 0.974684, 0.974684, 0.974684
165, 1.043302, 1.043302, 1.049234, 1.019805, 1.035139, 1.035139, 1.035139, 1.035139, 0.982694, 0.982694, 0.987921, 0.960094, 0.974684, 0.974684, 0.974684, 0.974684
166, 1.043302, 1.043302, 1.049234, 1.019805, 1.035139, 1.035139, 1.035139, 1.035139, 0.982694, 0.982694, 0.987921, 0.960094, 0.974684, 0.974684, 0.974684, 0.974684
167, 1.043302, 1.043302, 1.049234, 1.019805, 1.035139, 1.035139, 1.035139, 1.035139, 0.982694, 0.982694, 0.987921, 0.960094, 0.974684, 0.974684, 0.974684, 0.974684
168, 1.043302, 1.043302, 1.049234, 1.019805, 1.035139, 1.035139, 1.035139, 1.035139, 0.982694, 0.982694, 0.987921, 0.960094, 0.974684, 0.974684, 0.974684, 0.974684
169, 1.043302, 1.043302, 1.049234, 1.019805, 1.035139, 1.035139, 1.035139, 1.035139, 0.982694, 0.982694, 0.987921, 0.960094, 0.974684, 0.974684, 0.974684, 0.974684
170, 1.043302, 1.043302, 1.049234, 1.019805, 1.035139, 1.035139, 1.035139, 1.035139, 0.982694, 0.982694, 0.987921, 0.960094, 0.974684, 0.974684, 0.974684, 0.974684
171, 1.043302, 1.043302, 1.049234, 1.019805, 1.035139, 1.035139, 1.035139, 1.035139, 0.982694, 0.982694, 0.987921, 0.960094, 0.974684, 0.974684, 0.974684, 0.974684
172, 1.043302, 1.043302, 1.049234, 1.019805, 1.035139, 1.035139, 1.035139, 1.035139, 0.982694, 0.982694, 0.987921, 0.960094, 0.974684, 0.974684, 0.974684, 0.974684
173, 1.043302, 1.043302, 1.049234, 1.019805, 1.035139, 1.035139, 1.035139, 1.035139, 0.982694, 0.982694, 0.987921, 0.960094, 0.974684, 0.974684, 0.974684, 0.974684
174, 1.043302, 1.043302, 1.049234, 1.019805, 1.035139, 1.035139, 1.035139, 1.035139, 0.982694, 0.982694, 0.987921, 0.960094, 0.974684, 0.974684, 0.974684, 0.974684
175, 1.043302, 1.043302, 1.049234, 1.019805, 1.035139, 1.035139, 1.035139, 1.035139, 0.982694, 0.982694, 0.987921, 0.960094, 0.974684, 0.974684, 0.974684, 0.974684
176, 1.043302, 1.043302, 1.049234, 1.019805, 1.035139, 1.035139, 1.035139, 1.035139, 0.982694, 0.982694, 0.987921, 0.960094, 0.974684, 0.974684, 0.974684, 0.974684
177, 1.043302, 1.043302, 1.049234, 1.019805, 1.035139, 1.035139, 1.035139, 1.035139, 0.982694, 0.982694, 0.987921, 0.960094, 0.974684, 0.974684, 0.974684, 0.974684
178, 1.043302, 1.043302, 1.049234, 1.019805, 1.035139, 1.035139, 1.035139, 1.035139, 0.982694, 0.982694, 0.987921, 0.960094, 0.974684, 0.974684, 0.974684, 0.974684
179, 1.043302, 1.043302, 1.049234, 1.019805, 1.035139, 1.035139, 1.035139, 1.035139, 0.982694, 0.982694, 0.987921, 0.960094, 0.974684, 0.974684, 0.974684, 0.974684
180, 1.043302, 1.043302, 1.049234, 1.019805, 1.035139, 1.035139, 1.035139, 1.035139, 0.982694, 0.982694, 0.987921, 0.960094, 0.974684, 0.974684, 0.974684, 0.974684
181, 1.043302, 1.043302, 1.049234, 1.019805, 1.035139, 1.035139, 1.035139, 1.035139, 0.982694, 0.982694, 0.987921, 0.960094, 0.974684, 0.974684, 0.974684, 0.974684
182, 1.043302, 1.043302, 1.049234, 1.019805, 1.035139, 1.035139, 1.035139, 1.035139, 0.982694, 0.982694, 0.987921, 0.960094, 0.974684, 0.974684, 0.974684, 0.974684
183, 1.043302, 1.043302, 1.049234, 1.019805, 1.035139, 1.035139, 1.035139, 1.035139, 0.982694, 0.982694, 0.987921, 0.960094, 0.974684, 0.974684, 0.974684, 0.974684
184, 1.043302, 1.043302, 1.049234, 1.019805, 1.035139, 1.035139, 1.035139, 1.035139, 0.982694, 0.982694, 0.987921, 0.960094, 0.974684, 0.974684, 0.974684, 0.974684
185, 1.043302, 1.043302, 1.049234, 1.019805, 1.035139, 1.035139, 1.035139, 1.035139, 0.982694, 0.982694, 0.987921, 0.960094, 0.974684, 0.974684, 0.974684, 0.974684
186, 1.043302, 1.043302, 1.049234, 1.019805, 1.035139, 1.035139, 1.035139, 1.035139, 0.982694, 0.982694, 0.987921, 0.960094, 0.974684, 0.974684, 0.974684, 0.974684
187, 1.043302, 1.043302, 1.049234, 1.019805, 1.035139, 1.035139, 1.035139, 1.035139, 0.982694, 0.982694, 0.987921, 0.960094, 0.974684, 0.974684, 0.974684, 0.974684
188, 1.043302, 1.043302, 1.049234, 1.019805, 1.035139, 1.035139, 1.035139, 1.035139, 0.982694, 0.982694, 0.987921, 0.960094, 0.974684, 0.974684, 0.974684, 0.974684
189, 1.043302, 1.043302, 1.049234, 1.019805, 1.035139, 1.035139, 1.035139, 1.035139, 0.982694, 0.982694, 0.987921, 0.960094, 0.974684, 0.974684, 0.974684, 0.974684
190, 1.043302, 1.043302, 1.049234, 1.019805, 1.035139, 1.035139, 1.035139, 1.035139, 0.982694, 0.982694, 0.987921, 0.960094, 0.974684, 0.974684, 0.974684, 0.974684
191, 1.000000, 1.000000, 1.000000, 1.000000, 1.000000, 1.000000, 1.000000, 1.000000, 1.000000, 1.000000, 1.000000, 1.000000, 1.000000, 1.000000, 1.000000, 1.000000
192, 1.043302, 1.043302, 1.049234, 1.019805, 1.035139, 1.035139, 1.035139, 1.035139, 0.982694, 0.982694, 0.987921, 0.960094, 0.974684, 0.974684, 0.974684, 0.974684
193, 1.043302, 1.043302, 1.049234, 1.019805, 1.035139, 1.035139, 1.035139, 1.035139, 0.982694, 0.982694, 0.987921, 0.960094, 0.974684, 0.974684, 0.974684, 0.974684
194, 1.043302, 1.043302, 1.049234, 1.019805, 1.035139, 1.035139, 1.035139, 1.035139, 0.982694, 0.982694, 0.987921, 0.960094, 0.974684, 0.974684, 0.974684, 0.974684
195, 1.043302, 1.043302, 1.049234, 1.019805, 1.035139, 1.035139, 1.035139, 1.035139, 0.982694, 0.982694, 0.987921, 0.960094, 0.974684, 0.974684, 0.974684, 0.974684
196, 1.043302, 1.043302, 1.049234, 1.019805, 1.035139, 1.035139, 1.035139, 1.035139, 0.982694, 0.982694, 0.987921, 0.960094, 0.974684, 0.974684, 0.974684, 0.974684
197, 1.043302, 1.043302, 1.049234, 1.019805, 1.035139, 1.035139, 1.035139, 1.035139, 0.982694, 0.982694, 0.987921, 0.960094, 0.974684, 0.974684, 0.974684, 0.974684
198, 1.043302, 1.043302, 1.049234, 1.019805, 1.035139, 1.035139, 1.035139, 1.035139, 0.982694, 0.982694, 0.987921, 0.960094, 0.974684, 0.974684, 0.974684, 0.974684
199, 1.043302, 1.043302, 1.049234, 1.019805, 1.035139, 1.035139, 1.035139, 1.035139, 0.982694, 0.982694, 0.987921, 0.960094, 0.974684, 0.974684, 0.974684, 0.974684
200, 1.043302, 1.043302, 1.049234, 1.019805, 1.035139, 1.035139, 1.035139, 1.035139, 0.982694, 0.982694, 0.987921, 0.960094, 0.974684, 0.974684, 0.974684, 0.974684
201, 1.043302, 1.043302, 1.049234, 1.019805, 1.035139, 1.035139, 1.035139, 1.035139, 0.982694, 0.982694, 0.987921, 0.960094, 0.974684, 0.974684, 0.974684, 0.974684
202, 1.043302, 1.043302, 1.049234, 1.019805, 1.035139, 1.035139, 1.035139, 1.035139, 0.982694, 0.982694, 0.987921, 0.960094, 0.974684, 0.974684, 0.974684, 0.974684
203, 1.043302, 1.043302, 1.049234, 1.019805, 1.035139, 1.035139, 1.035139, 1.035139, 0.982694, 0.982694, 0.987921, 0.960094, 0.974684, 0.974684, 0.974684, 0.974684
204, 1.043302, 1.043302, 1.049234, 1.019805, 1.035139, 1.035139, 1.035139, 1.035139, 0.982694, 0.982694, 0.987921, 0.960094, 0.974684, 0.974684, 0.974684, 0.974684
205, 1.043302, 1.043302, 1.049234, 1.019805, 1.035139, 1.035139, 1.035139, 1.035139, 0.982694, 0.982694, 0.987921, 0.960094, 0.974684, 0.974684, 0.974684, 0.974684
206, 1.043302, 1.043302, 1.049234, 1.019805, 1.035139, 1.035139, 1.035139, 1.035139, 0.982694, 0.982694, 0.987921, 0.960094, 0.974684, 0.974684, 0.974684, 0.974684
207, 1.043302, 1.043302, 1.049234, 1.019805, 1.035139, 1.035139, 1.035139, 1.035139, 0.982694, 0.982694, 0.987921, 0.960094, 0.974684, 0.974684, 0.974684, 0.974684
208, 1.043302, 1.043302, 1.049234, 1.019805, 1.035139, 1.035139, 1.035139, 1.035139, 0.982694, 0.982694, 0.987921, 0.960094, 0.974684, 0.974684, 0.974684, 0.974684
209, 1.043302, 1.043302, 1.049234, 1.019805, 1.035139, 1.035139, 1.035139, 1.035139, 0.982694, 0.982694, 0.987921, 0.960094, 0.974684, 0.974684, 0.974684, 0.974684
210, 1.043302, 1.043302, 1.049234, 1.019805, 1.035139, 1.035139, 1.035139, 1.035139, 0.982694, 0.982694, 0.987921, 0.960094, 0.974684, 0.974684, 0.974684, 0.974684
211, 1.043302, 1.043302, 1.049234, 1.019805, 1.035139, 1.035139, 1.035139, 1.035139, 0.982694, 0.982694, 0.987921, 0.960094, 0.974684, 0.974684, 0.974684, 0.974684
212, 1.043302, 1.043302, 1.049234, 1.019805, 1.035139, 1.035139, 1.035139, 1.035139, 0.982694, 0.982694, 0.987921, 0.960094, 0.974684, 0.974684, 0.974684, 0.974684
213, 1.043302, 1.043302, 1.049234, 1.019805, 1.035139, 1.035139, 1.035139, 1.035139, 0.982694, 0.982694, 0.987921, 0.960094, 0.974684, 0.974684, 0.974684, 0.974684
214, 1.043302, 1.043302, 1.049234, 1.019805, 1.035139, 1.035139, 1.035139, 1.035139, 0.982694, 0.982694, 0.987921, 0.960094, 0.974684, 0.974684, 0.974684, 0.974684
215, 1.043302, 1.043302, 1.049234, 1.019805, 1.035139, 1.035139, 1.035139, 1.035139, 0.982694, 0.982694, 0.987921, 0.960094, 0.974684, 0.974684, 0.974684, 0.974684
216, 1.043302, 1.043302, 1.049234, 1.019805, 1.035139, 1.035139, 1.035139, 1.035139, 0.982694, 0.982694, 0.987921, 0.960094, 0.974684, 0.974684, 0.974684, 0.974684
217, 1.043302, 1.043302, 1.049234, 1.019805, 1.035139, 1.035139, 1.035139, 1.035139, 0.982694, 0.982694, 0.987921, 0.960094, 0.974684, 0.974684, 0.974684, 0.974684
218, 1.043302, 1.043302, 1.049234, 1.019805, 1.035139, 1.035139, 1.035139, 1.035139, 0.982694, 0.982694, 0.987921, 0.960094, 0.974684, 0.974684, 0.974684, 0.974684
219, 1.043302, 1.043302, 1.049234, 1.019805, 1.035139, 1.035139, 1.035139, 1.035139, 0.982694, 0.982694, 0.987921, 0.960094, 0.974684, 0.974684, 0.974684, 0.974684
220, 1.043302, 1.043302, 1.049234, 1.019805, 1.035139, 1.035139, 1.035139, 1.035139, 0.982694, 0.982694, 0.987921, 0.960094, 0.974684, 0.974684, 0.974684, 0.974684
221, 1.043302, 1.043302, 1.049234, 1.019805, 1.035139, 1.035139, 1.035139, 1.035139, 0.982694, 0.982694, 0.987921, 0.960094, 0.974684, 0.974684, 0.974684, 0.974684
222, 1.043302, 1.043302, 1.049234, 1.019805, 1.035139, 1.035139, 1.035139, 1.035139, 0.982694, 0.982694, 0.987921, 0.960094, 0.974684, 0.974684, 0.974684, 0.974684
223, 1.043302, 1.043302, 1.049234, 1.019805, 1.035139, 1.035139, 1.035139, 1.035139, 0.982694, 0.982694, 0.987921, 0.960094, 0.974684, 0.974684, 0.974684, 0.974684
224, 1.043302, 1.043302, 1.049234, 1.019805, 1.035139, 1.035139, 1.035139, 1.035139, 0.982694, 0.982694, 0.987921, 0.960094, 0.974684, 0.974684, 0.974684, 0.974684
225, 1.043302, 1.043302, 1.049234, 1.019805, 1.035139, 1.035139, 1.035139, 1.035139, 0.982694, 0.982694, 0.987921, 0.960094, 0.974684, 0.974684, 0.974684, 0.974684
226, 1.043302, 1.043302, 1.049234, 1.019805, 1.035139, 1.035139, 1.035139, 1.035139, 0.982694, 0.982694, 0.987921, 0.960094, 0.974684, 0.974684, 0.974684, 0.974684
227, 1.043302, 1.043302, 1.049234, 1.019805, 1.035139, 1.035139, 1.035139, 1.035139, 0.982694, 0.982694, 0.987921, 0.960094, 0.974684, 0.974684, 0.974684, 0.974684
228, 1.043302, 1.043302, 1.049234, 1.019805, 1.035139, 1.035139, 1.035139, 1.035139, 0.982694, 0.982694, 0.987921, 0.960094, 0.974684, 0.974684, 0.974684, 0.974684
229, 1.043302, 1.043302, 1.049234, 1.019805, 1.035139, 1.035139, 1.035139, 1.035139, 0.982694, 0.982694, 0.987921, 0.960094, 0.974684, 0.974684, 0.974684, 0.974684
230, 1.043302, 1.043302, 1.049234, 1.019805, 1.035139, 1.035139, 1.035139, 1.035139, 0.982694, 0.982694, 0.987921, 0.960094, 0.974684, 0.974684, 0.974684, 0.974684
231, 1.043302, 1.043302, 1.049234, 1.019805, 1.035139, 1.035139, 1.035139, 1.035139, 0.982694, 0.982694, 0.987921, 0.960094, 0.974684, 0.974684, 0.974684, 0.974684
232, 1.043302, 1.043302, 1.049234, 1.019805, 1.035139, 1.035139, 1.035139, 1.035139, 0.982694, 0.982694, 0.987921, 0.960094, 0.974684, 0.974684, 0.974684, 0.974684
233, 1.043302, 1.043302, 1.049234, 1.019805, 1.035139, 1.035139, 1.035139, 1.035139, 0.982694, 0.982694, 0.987921, 0.960094, 0.974684, 0.974684, 0.974684, 0.974684
234, 1.043302, 1.043302, 1.049234, 1.019805, 1.035139, 1.035139, 1.035139, 1.035139, 0.982694, 0.982694, 0.987921, 0.960094, 0.974684, 0.974684, 0.974684, 0.974684
235, 1.043302, 1.043302, 1.049234, 1.019805, 1.035139, 1.035139, 1.035139, 1.035139, 0.982694, 0.982694, 0.987921, 0.960094, 0.974684, 0.974684, 0.974684, 0.974684
236, 1.043302, 1.043302, 1.049234, 1.019805, 1.035139, 1.035139, 1.035139, 1.035139, 0.982694, 0.982694, 0.987921, 0.960094, 0.974684, 0.974684, 0.974684, 0.974684
237, 1.043302, 1.043302, 1.049234, 1.019805, 1.035139, 1.035139, 1.035139, 1.035139, 0.982694, 0.982694, 0.987921, 0.960094, 0.974684, 0.974684, 0.974684, 0.974684
238, 1.043302, 1.043302, 1.049234, 1.019805, 1.035139, 1.035139, 1.035139, 1.035139, 0.982694, 0.982694, 0.987921, 0.960094, 0.974684, 0.974684, 0.974684, 0.974684
239, 1.043302, 1.043302, 1.049234, 1.019805, 1.035139, 1.035139, 1.035139, 1.035139, 0.982694, 0.982694, 0.987921, 0.960094, 0.974684, 0.974684, 0.974684, 0.974684
240, 1.043302, 1.043302, 1.049234, 1.019805, 1.035139, 1.035139, 1.035139, 1.035139, 0.982694, 0.982694, 0.987921, 0.960094, 0.974684, 0.974684, 0.974684, 0.974684
241, 1.043302, 1.043302, 1.049234, 1.019805, 1.035139, 1.035139, 1.035139, 1.035139, 0.982694, 0.982694, 0.987921, 0.960094, 0.974684, 0.974684, 0.974684, 0.974684
242, 1.043302, 1.043302, 1.049234, 1.019805, 1.035139, 1.035139, 1.035139, 1.035139, 0.982694, 0.982694, 0.987921, 0.960094, 0.974684, 0.974684, 0.974684, 0.974684
243, 1.043302, 1.043302, 1.049234, 1.019805, 1.035139, 1.035139, 1.035139, 1.035139, 0.982694, 0.982694, 0.987921, 0.960094, 0.974684, 0.974684, 0.974684, 0.974684
244, 1.043302, 1.043302, 1.049234, 1.019805, 1.035139, 1.035139, 1.035139, 1.035139, 0.982694, 0.982694, 0.987921, 0.960094, 0.974684, 0.974684, 0.974684, 0.974684
245, 1.043302, 1.043302, 1.049234, 1.019805, 1.035139, 1.035139, 1.035139, 1.035139, 0.982694, 0.982694, 0.987921, 0.960094, 0.974684, 0.974684, 0.974684, 0.974684
246, 1.043302, 1.043302, 1.049234, 1.019805, 1.035139, 1.035139, 1.035139, 1.035139, 0.982694, 0.982694, 0.987921, 0.960094, 0.974684, 0.974684, 0.974684, 0.974684
247, 1.043302, 1.043302, 1.049234, 1.019805, 1.035139, 1.035139, 1.035139, 1.035139, 0.982694, 0.982694, 0.987921, 0.960094, 0.974684, 0.974684, 0.974684, 0.974684
248, 1.043302, 1.043302, 1.049234, 1.019805, 1.035139, 1.035139, 1.035139, 1.035139, 0.982694, 0.982694, 0.987921, 0.960094, 0.974684, 0.974684, 0.974684, 0.974684
249, 1.043302, 1.043302, 1.049234, 1.019805, 1.035139, 1.035139, 1.035139, 1.035139, 0.982694, 0.982694, 0.987921, 0.960094, 0.974684, 0.974684, 0.974684, 0.974684
250, 1.043302, 1.043302, 1.049234, 1.019805, 1.035139, 1.035139, 1.035139, 1.035139, 0.982694, 0.982694, 0.987921, 0.960094, 0.974684, 0.974684, 0.974684, 0.974684
251, 1.043302, 1.043302, 1.049234, 1.019805, 1.035139, 1.035139, 1.035139, 1.035139, 0.982694, 0.982694, 0.987921, 0.960094, 0.974684, 0.974684, 0.974684, 0.974684
252, 1.043302, 1.043302, 1.049234, 1.019805, 1.035139, 1.035139, 1.035139, 1.035139, 0.982694, 0.982694, 0.987921, 0.960094, 0.974684, 0.974684, 0.974684, 0.974684
253, 1.043302, 1.043302, 1.049234, 1.019805, 1.035139, 1.035139, 1.035139, 1.035139, 0.982694, 0.982694, 0.987921, 0.960094, 0.974684, 0.974684, 0.974684, 0.974684
254, 1.043302, 1.043302, 1.049234, 1.019805, 1.035139, 1.035139, 1.035139, 1.035139, 0.982694, 0.982694, 0.987921, 0.960094, 0.974684, 0.974684, 0.974684, 0.974684
255, 1.043302, 1.043302, 1.049234, 1.019805, 1.035139, 1.035139, 1.035139, 1.035139, 0.982694, 0.982694, 0.987921, 0.960094, 0.974684, 0.974684, 0.974684, 0.974684
256, 1.043302, 1.043302, 1.049234, 1.019805, 1.035139, 1.035139, 1.035139, 1.035139, 0.982694, 0.982694, 0.987921, 0.960094, 0.974684, 0.974684, 0.974684, 0.974684
257, 1.043302, 1.043302, 1.049234, 1.019805, 1.035139, 1.035139, 1.035139, 1.035139, 0.982694, 0.982694, 0.987921, 0.960094, 0.974684, 0.974684, 0.974684, 0.974684
258, 1.043302, 1.043302, 1.049234, 1.019805, 1.035139, 1.035139, 1.035139, 1.035139, 0.982694, 0.982694, 0.987921, 0.960094, 0.974684, 0.974684, 0.974684, 0.974684
259, 1.043302, 1.043302, 1.049234, 1.019805, 1.035139, 1.035139, 1.035139, 1.035139, 0.982694, 0.982694, 0.987921, 0.960094, 0.974684, 0.974684, 0.974684, 0.974684
260, 1.043302, 1.043302, 1.049234, 1.019805, 1.035139, 1.035139, 1.035139, 1.035139, 0.982694, 0.982694, 0.987921, 0.960094, 0.974684, 0.974684, 0.974684, 0.974684
261, 1.043302, 1.043302, 1.049234, 1.019805, 1.035139, 1.035139, 1.035139, 1.035139, 0.982694, 0.982694, 0.987921, 0.960094, 0.974684, 0.974684, 0.974684, 0.974684
262, 1.043302, 1.043302, 1.049234, 1.019805, 1.035139, 1.035139, 1.035139, 1.035139, 0.982694, 0.982694, 0.987921, 0.960094, 0.974684, 0.974684, 0.974684, 0.974684
263, 1.043302, 1.043302, 1.049234, 1.019805, 1.035139, 1.035139, 1.035139, 1.035139, 0.982694, 0.982694, 0.987921, 0.960094, 0.974684, 0.974684, 0.974684, 0.974684
264, 1.043302, 1.043302, 1.049234, 1.019805, 1.035139, 1.035139, 1.035139, 1.035139, 0.982694, 0.982694, 0.987921, 0.960094, 0.974684, 0.974684, 0.974684, 0.974684
265, 1.043302, 1.043302, 1.049234, 1.019805, 1.035139, 1.035139, 1.035139, 1.035139, 0.982694, 0.982694, 0.987921, 0.960094, 0.974684, 0.974684, 0.974684, 0.974684
266, 1.043302, 1.043302, 1.049234, 1.019805, 1.035139, 1.035139, 1.035139, 1.035139, 0.982694, 0.982694, 0.987921, 0.960094, 0.974684, 0.974684, 0.974684, 0.974684
267, 1.043302, 1.043302, 1.049234, 1.019805, 1.035139, 1.035139, 1.035139, 1.035139, 0.982694, 0.982694, 0.987921, 0.960094, 0.974684, 0.974684, 0.974684, 0.974684
268, 1.043302, 1.043302, 1.049234, 1.019805, 1.035139, 1.035139, 1.035139, 1.035139, 0.982694, 0.982694, 0.987921, 0.960094, 0.974684, 0.974684, 0.974684, 0.974684
269, 1.043302, 1.043302, 1.049234, 1.019805, 1.035139, 1.035139, 1.035139, 1.035139, 0.982694, 0.982694, 0.987921, 0.960094, 0.974684, 0.974684, 0.974684, 0.974684
270, 1.043302, 1.043302, 1.049234, 1.019805, 1.035139, 1.035139, 1.035139, 1.035139, 0.982694, 0.982694, 0.987921, 0.960094, 0.974684, 0.974684, 0.974684, 0.974684
271, 1.043302, 1.043302, 1.049234, 1.019805, 1.035139, 1.035139, 1.035139, 1.035139, 0.982694, 0.982694, 0.987921, 0.960094, 0.974684, 0.974684, 0.974684, 0.974684
272, 1.043302, 1.043302, 1.049234, 1.019805, 1.035139, 1.035139, 1.035139, 1.035139, 0.982694, 0.982694, 0.987921, 0.960094, 0.974684, 0.974684, 0.974684, 0.974684
273, 1.043302, 1.043302, 1.049234, 1.019805, 1.035139, 1.035139, 1.035139, 1.035139, 0.982694, 0.982694, 0.987921, 0.960094, 0.974684, 0.974684, 0.974684, 0.974684
274, 1.043302, 1.043302, 1.049234, 1.019805, 1.035139, 1.035139, 1.035139, 1.035139, 0.982694, 0.982694, 0.987921, 0.960094, 0.974684, 0.974684, 0.974684, 0.974684
275, 1.043302, 1.043302, 1.049234, 1.019805, 1.035139, 1.035139, 1.035139, 1.035139, 0.982694, 0.982694, 0.987921, 0.960094, 0.974684, 0.974684, 0.974684, 0.974684
276, 1.043302, 1.043302, 1.049234, 1.019805, 1.035139, 1.035139, 1.035139, 1.035139, 0.982694, 0.982694, 0.987921, 0.960094, 0.974684, 0.974684, 0.974684, 0.974684
277, 1.043302, 1.043302, 1.049234, 1.019805, 1.035139, 1.035139, 1.035139, 1.035139, 0.982694, 0.982694, 0.987921, 0.960094, 0.974684, 0.974684, 0.974684, 0.974684
278, 1.043302, 1.043302, 1.049234, 1.019805, 1.035139, 1.035139, 1.035139, 1.035139, 0.982694, 0.982694, 0.987921, 0.960094, 0.974684, 0.974684, 0.974684, 0.974684
279, 1.043302, 1.043302, 1.049234, 1.019805, 1.035139, 1.035139, 1.035139, 1.035139, 0.982694, 0.982694, 0.987921, 0.960094, 0.974684, 0.974684, 0.974684, 0.974684
280, 1.043302, 1.043302, 1.049234, 1.019805, 1.035139, 1.035139, 1.035139, 1.035139, 0.982694, 0.982694, 0.987921, 0.960094, 0.974684, 0.974684, 0.974684, 0.974684
281, 1.043302, 1.043302, 1.049234, 1.019805, 1.035139, 1.035139, 1.035139, 1.035139, 0.982694, 0.982694, 0.987921, 0.960094, 0.974684, 0.974684, 0.974684, 0.974684
282, 1.043302, 1.043302, 1.049234, 1.019805, 1.035139, 1.035139, 1.035139, 1.035139, 0.982694, 0.982694, 0.987921, 0.960094, 0.974684, 0.974684, 0.974684, 0.974684
283, 1.043302, 1.043302, 1.049234, 1.019805, 1.035139, 1.035139, 1.035139, 1.035139, 0.982694, 0.982694, 0.987921, 0.960094, 0.974684, 0.974684, 0.974684, 0.974684
284, 1.043302, 1.043302, 1.049234, 1.019805, 1.035139, 1.035139, 1.035139, 1.035139, 0.982694, 0.982694, 0.987921, 0.960094, 0.974684, 0.974684, 0.974684, 0.974684
285, 1.043302, 1.043302, 1.049234, 1.019805, 1.035139, 1.035139, 1.035139, 1.035139, 0.982694, 0.982694, 0.987921, 0.960094, 0.974684, 0.974684, 0.974684, 0.974684
286, 1.043302, 1.043302, 1.049234, 1.019805, 1.035139, 1.035139, 1.035139, 1.035139, 0.982694, 0.982694, 0.987921, 0.960094, 0.974684, 0.974684, 0.974684, 0.974684
287, 1.043302, 1.043302, 1.049234, 1.019805, 1.035139, 1.035139, 1.035139, 1.035139, 0.982694, 0.982694, 0.987921, 0.960094, 0.974684, 0.974684, 0.974684, 0.974684
288, 1.043302, 1.043302, 1.049234, 1.019805, 1.035139, 1.035139, 1.035139, 1.035139, 0.982694, 0.982694, 0.987921, 0.960094, 0.974684, 0.974684, 0.974684, 0.974684
289, 1.043302, 1.043302, 1.049234, 1.019805, 1.035139, 1.035139, 1.035139, 1.035139, 0.982694, 0.982694, 0.987921, 0.960094, 0.974684, 0.974684, 0.974684, 0.974684
290, 1.043302, 1.043302, 1.049234, 1.019805, 1.035139, 1.035139, 1.035139, 1.035139, 0.982694, 0.982694, 0.987921, 0.960094, 0.974684, 0.974684, 0.974684, 0.974684
291, 1.043302, 1.043302, 1.049234, 1.019805, 1.035139, 1.035139, 1.035139, 1.035139, 0.982694, 0.982694, 0.987921, 0.960094, 0.974684, 0.974684, 0.974684, 0.974684
292, 1.043302, 1.043302, 1.049234, 1.019805, 1.035139, 1.035139, 1.035139, 1.035139, 0.982694, 0.982694, 0.987921, 0.960094, 0.974684, 0.974684, 0.974684, 0.974684
293, 1.043302, 1.043302, 1.049234, 1.019805, 1.035139, 1.035139, 1.035139, 1.035139, 0.982694, 0.982694, 0.987921, 0.960094, 0.974684, 0.974684, 0.974684, 0.974684
294, 1.043302, 1.043302, 1.049234, 1.019805, 1.035139, 1.035139, 1.035139, 1.035139, 0.982694, 0.982694, 0.987921, 0.960094, 0.974684, 0.974684, 0.974684, 0.974684
295, 1.043302, 1.043302, 1.049234, 1.019805, 1.035139, 1.035139, 1.035139, 1.035139, 0.982694, 0.982694, 0.987921, 0.960094, 0.974684, 0.974684, 0.974684, 0.974684
296, 1.043302, 1.043302, 1.049234, 1.019805, 1.035139, 1.035139, 1.035139, 1.035139, 0.982694, 0.982694, 0.987921, 0.960094, 0.974684, 0.974684, 0.974684, 0.974684
297, 1.043302, 1.043302, 1.049234, 1.019805, 1.035139, 1.035139, 1.035139, 1.035139, 0.982694, 0.982694, 0.987921, 0.960094, 0.974684, 0.974684, 0.974684, 0.974684
298, 1.043302, 1.043302, 1.049234, 1.019805, 1.035139, 1.035139, 1.035139, 1.035139, 0.982694, 0.982694, 0.987921, 0.960094, 0.974684, 0.974684, 0.974684, 0.974684
299, 1.043302, 1.043302, 1.049234, 1.019805, 1.035139, 1.035139, 1.035139, 1.035139, 0.982694, 0.982694, 0.987921, 0.960094, 0.974684, 0.974684, 0.974684, 0.974684
300, 1.043302, 1.043302, 1.049234, 1.019805, 1.035139, 1.035139, 1.035139, 1.035139, 0.982694, 0.982694, 0.987921, 0.960094, 0.974684, 0.974684, 0.974684, 0.974684
301, 1.043302, 1.043302, 1.049234, 1.019805, 1.035139, 1.035139, 1.035139, 1.035139, 0.982694, 0.982694, 0.987921, 0.960094, 0.974684, 0.974684, 0.974684, 0.974684
302, 1.043302, 1.043302, 1.049234, 1.019805, 1.035139, 1.035139, 1.035139, 1.035139, 0.982694, 0.982694, 0.987921, 0.960094, 0.974684, 0.974684, 0.974684, 0.974684
303, 1.043302, 1.043302, 1.049234, 1.019805, 1.035139, 1.035139, 1.035139, 1.035139, 0.982694, 0.982694, 0.987921, 0.960094, 0.974684, 0.974684, 0.974684, 0.974684
304, 1.043302, 1.043302, 1.049234, 1.019805, 1.035139, 1.035139, 1.035139, 1.035139, 0.982694, 0.982694, 0.987921, 0.960094, 0.974684, 0.974684, 0.974684, 0.974684
305, 1.043302, 1.043302, 1.049234, 1.019805, 1.035139, 1.035139, 1.035139, 1.035139, 0.982694, 0.982694, 0.987921, 0.960094, 0.974684, 0.974684, 0.974684, 0.974684
306, 1.043302, 1.043302, 1.049234, 1.019805, 1.035139, 1.035139, 1.035139, 1.035139, 0.982694, 0.982694, 0.987921, 0.960094, 0.974684, 0.974684, 0.974684, 0.974684
307, 1.043302, 1.043302, 1.049234, 1.019805, 1.035139, 1.035139, 1.035139, 1.035139, 0.982694, 0.982694, 0.987921, 0.960094, 0.974684, 0.974684, 0.974684, 0.974684
308, 1.043302, 1.043302, 1.049234, 1.019805, 1.035139, 1.035139, 1.035139, 1.035139, 0.982694, 0.982694, 0.987921, 0.960094, 0.974684, 0.974684, 0.974684, 0.974684
309, 1.043302, 1.043302, 1.049234, 1.019805, 1.035139, 1.035139, 1.035139, 1.035139, 0.982694, 0.982694, 0.987921, 0.960094, 0.974684, 0.974684, 0.974684, 0.974684
310, 1.043302, 1.043302, 1.049234, 1.019805, 1.035139, 1.035139, 1.035139, 1.035139, 0.982694, 0.982694, 0.987921, 0.960094, 0.974684, 0.974684, 0.974684, 0.974684
311, 1.043302, 1.043302, 1.049234, 1.019805, 1.035139, 1.035139, 1.035139, 1.035139, 0.982694, 0.982694, 0.987921, 0.960094, 0.974684, 0.974684, 0.974684, 0.974684
312, 1.043302, 1.043302, 1.049234, 1.019805, 1.035139, 1.035139, 1.035139, 1.035139, 0.982694, 0.982694, 0.987921, 0.960094, 0.974684, 0.974684, 0.974684, 0.974684
313, 1.043302, 1.043302, 1.049234, 1.019805, 1.035139, 1.035139, 1.035139, 1.035139, 0.982694, 0.982694, 0.987921, 0.960094, 0.974684, 0.974684, 0.974684, 0.974684
314, 1.043302, 1.043302, 1.049234, 1.019805, 1.035139, 1.035139, 1.035139, 1.035139, 0.982694, 0.982694, 0.987921, 0.960094, 0.974684, 0.974684, 0.974684, 0.974684
315, 1.043302, 1.043302, 1.049234, 1.019805, 1.035139, 1.035139, 1.035139, 1.035139, 0.982694, 0.982694, 0.987921, 0.960094, 0.974684, 0.974684, 0.974684, 0.974684
316, 1.043302, 1.043302, 1.049234, 1.019805, 1.035139, 1.035139, 1.035139, 1.035139, 0.982694, 0.982694, 0.987921, 0.960094, 0.974684, 0.974684, 0.974684, 0.974684
317, 1.043302, 1.043302, 1.049234, 1.019805, 1.035139, 1.035139, 1.035139, 1.035139, 0.982694, 0.982694, 0.987921, 0.960094, 0.974684, 0.974684, 0.974684, 0.974684
318, 1.043302, 1.043302, 1.049234, 1.019805, 1.035139, 1.035139, 1.035139, 1.035139, 0.982694, 0.982694, 0.987921, 0.960094, 0.974684, 0.974684, 0.974684, 0.974684
319, 1.043302, 1.043302, 1.049234, 1.019805, 1.035139, 1.035139, 1.035139, 1.035139, 0.982694, 0.982694, 0.987921, 0.960094, 0.974684, 0.974684, 0.974684, 0.974684
320, 1.043302, 1.043302, 1.049234, 1.019805, 1.035139, 1.035139, 1.035139, 1.035139, 0.982694, 0.982694, 0.987921, 0.960094, 0.974684, 0.974684, 0.974684, 0.974684
321, 1.043302, 1.043302, 1.049234, 1.019805, 1.035139, 1.035139, 1.035139, 1.035139, 0.982694, 0.982694, 0.987921, 0.960094, 0.974684, 0.974684, 0.974684, 0.974684
322, 1.043302, 1.043302, 1.049234, 1.019805, 1.035139, 1.035139, 1.035139, 1.035139, 0.982694, 0.982694, 0.987921, 0.960094, 0.974684, 0.974684, 0.974684, 0.974684
323, 1.043302, 1.043302, 1.049234, 1.019805, 1.035139, 1.035139, 1.035139, 1.035139, 0.982694, 0.982694, 0.987921, 0.960094, 0.974684, 0.974684, 0.974684, 0.974684
324, 1.043302, 1.043302, 1.049234, 1.019805, 1.035139, 1.035139, 1.035139, 1.035139, 0.982694, 0.982694, 0.987921, 0.960094, 0.974684, 0.974684, 0.974684, 0.974684
325, 1.043302, 1.043302, 1.049234, 1.019805, 1.035139, 1.035139, 1.035139, 1.035139, 0.982694, 0.982694, 0.987921, 0.960094, 0.974684, 0.974684, 0.974684, 0.974684
326, 1.043302, 1.043302, 1.049234, 1.019805, 1.035139, 1.035139, 1.035139, 1.035139, 0.982694, 0.982694, 0.987921, 0.960094, 0.974684, 0.974684, 0.974684, 0.974684
327, 1.043302, 1.043302, 1.049234, 1.019805, 1.035139, 1.035139, 1.035139, 1.035139, 0.982694, 0.982694, 0.987921, 0.960094, 0.974684, 0.974684, 0.974684, 0.974684
328, 1.043302, 1.043302, 1.049234, 1.019805, 1.035139, 1.035139, 1.035139, 1.035139, 0.982694, 0.982694, 0.987921, 0.960094, 0.974684, 0.974684, 0.974684, 0.974684
329, 1.043302, 1.043302, 1.049234, 1.019805, 1.035139, 1.035139, 1.035139, 1.035139, 0.982694, 0.982694, 0.987921, 0.960094, 0.974684, 0.974684, 0.974684, 0.974684
330, 1.043302, 1.043302, 1.049234, 1.019805, 1.035139, 1.035139, 1.035139, 1.035139, 0.982694, 0.982694, 0.987921, 0.960094, 0.974684, 0.974684, 0.974684, 0.974684
331, 1.043302, 1.043302, 1.049234, 1.019805, 1.035139, 1.035139, 1.035139, 1.035139, 0.982694, 0.982694, 0.987921, 0.960094, 0.974684, 0.974684, 0.974684, 0.974684
332, 1.043302, 1.043302, 1.049234, 1.019805, 1.035139, 1.035139, 1.035139, 1.035139, 0.982694, 0.982694, 0.987921, 0.960094, 0.974684, 0.974684, 0.974684, 0.974684
333, 1.043302, 1.043302, 1.049234, 1.019805, 1.035139, 1.035139, 1.035139, 1.035139, 0.982694, 0.982694, 0.987921, 0.960094, 0.974684, 0.974684, 0.974684, 0.974684
334, 1.043302, 1.043302, 1.049234, 1.019805, 1.035139, 1.035139, 1.035139, 1.035139, 0.982694, 0.982694, 0.987921, 0.960094, 0.974684, 0.974684, 0.974684, 0.974684
335, 1.043302, 1.043302, 1.049234, 1.019805, 1.035139, 1.035139, 1.035139, 1.035139, 0.982694, 0.982694, 0.987921, 0.960094, 0.974684, 0.974684, 0.974684, 0.974684
336, 1.043302, 1.043302, 1.049234, 1.019805, 1.035139, 1.035139, 1.035139, 1.035139, 0.982694, 0.982694, 0.987921, 0.960094, 0.974684, 0.974684, 0.974684, 0.974684
337, 1.043302, 1.043302, 1.049234, 1.019805, 1.035139, 1.035139, 1.035139, 1.035139, 0.982694, 0.982694, 0.987921, 0.960094, 0.974684, 0.974684, 0.974684, 0.974684
338, 1.043302, 1.043302, 1.049234, 1.019805, 1.035139, 1.035139, 1.035139, 1.035139, 0.982694, 0.982694, 0.987921, 0.960094, 0.974684, 0.974684, 0.974684, 0.974684
339, 1.043302, 1.043302, 1.049234, 1.019805, 1.035139, 1.035139, 1.035139, 1.035139, 0.982694, 0.982694, 0.987921, 0.960094, 0.974684, 0.974684, 0.974684, 0.974684
340, 1.043302, 1.043302, 1.049234, 1.019805, 1.035139, 1.035139, 1.035139, 1.035139, 0.982694, 0.982694, 0.987921, 0.960094, 0.974684, 0.974684, 0.974684, 0.974684
341, 1.043302, 1.043302, 1.049234, 1.019805, 1.035139, 1.035139, 1.035139, 1.035139, 0.982694, 0.982694, 0.987921, 0.960094, 0.974684, 0.974684, 0.974684, 0.974684
342, 1.043302, 1.043302, 1.049234, 1.019805, 1.035139, 1.035139, 1.035139, 1.035139, 0.982694, 0.982694, 0.987921, 0.960094, 0.974684, 0.974684, 0.974684, 0.974684
343, 1.043302, 1.043302, 1.049234, 1.019805, 1.035139, 1.035139, 1.035139, 1.035139, 0.982694, 0.982694, 0.987921, 0.960094, 0.974684, 0.974684, 0.974684, 0.974684
344, 1.043302, 1.043302, 1.049234, 1.019805, 1.035139, 1.035139, 1.035139, 1.035139, 0.982694, 0.982694, 0.987921, 0.960094, 0.974684, 0.974684, 0.974684, 0.974684
345, 1.043302, 1.043302, 1.049234, 1.019805, 1.035139, 1.035139, 1.035139, 1.035139, 0.982694, 0.982694, 0.987921, 0.960094, 0.974684, 0.974684, 0.974684, 0.974684
346, 1.043302, 1.043302, 1.049234, 1.019805, 1.035139, 1.035139, 1.035139, 1.035139, 0.982694, 0.982694, 0.987921, 0.960094, 0.974684, 0.974684, 0.974684, 0.974684
347, 1.043302, 1.043302, 1.049234, 1.019805, 1.035139, 1.035139, 1.035139, 1.035139, 0.982694, 0.982694, 0.987921, 0.960094, 0.974684, 0.974684, 0.974684, 0.974684
348, 1.043302, 1.043302, 1.049234, 1.019805, 1.035139, 1.035139, 1.035139, 1.035139, 0.982694, 0.982694, 0.987921, 0.960094, 0.974684, 0.974684, 0.974684, 0.974684
349, 1.043302, 1.043302, 1.049234, 1.019805, 1.035139, 1.035139, 1.035139, 1.035139, 0.982694, 0.982694, 0.987921, 0.960094, 0.974684, 0.974684, 0.974684, 0.974684
350, 1.043302, 1.043302, 1.049234, 1.019805, 1.035139, 1.035139, 1.035139, 1.035139, 0.982694, 0.982694, 0.987921, 0.960094, 0.974684, 0.974684, 0.974684, 0.974684
351, 1.043302, 1.043302, 1.049234, 1.019805, 1.035139, 1.035139, 1.035139, 1.035139, 0.982694, 0.982694, 0.987921, 0.960094, 0.974684, 0.974684, 0.974684, 0.974684
352, 1.043302, 1.043302, 1.049234, 1.019805, 1.035139, 1.035139, 1.035139, 1.035139, 0.982694, 0.982694, 0.987921, 0.960094, 0.974684, 0.974684, 0.974684, 0.974684
353, 1.043302, 1.043302, 1.049234, 1.019805, 1.035139, 1.035139, 1.035139, 1.035139, 0.982694, 0.982694, 0.987921, 0.960094, 0.974684, 0.974684, 0.974684, 0.974684
354, 1.043302, 1.043302, 1.049234, 1.019805, 1.035139, 1.035139, 1.035139, 1.035139, 0.982694, 0.982694, 0.987921, 0.960094, 0.974684, 0.974684, 0.974684, 0.974684
355, 1.043302, 1.043302, 1.049234, 1.019805, 1.035139, 1.035139, 1.035139, 1.035139, 0.982694, 0.982694, 0.987921, 0.960094, 0.974684, 0.974684, 0.974684, 0.974684
356, 1.043302, 1.043302, 1.049234, 1.019805, 1.035139, 1.035139, 1.035139, 1.035139, 0.982694, 0.982694, 0.987921, 0.960094, 0.974684, 0.974684, 0.974684, 0.974684
357, 1.043302, 1.043302, 1.049234, 1.019805, 1.035139, 1.035139, 1.035139, 1.035139, 0.982694, 0.982694, 0.987921, 0.960094, 0.974684, 0.974684, 0.974684, 0.974684
358, 1.043302, 1.043302, 1.049234, 1.019805, 1.035139, 1.035139, 1.035139, 1.035139, 0.982694, 0.982694, 0.987921, 0.960094, 0.974684, 0.974684, 0.974684, 0.974684
359, 1.043302, 1.043302, 1.049234, 1.019805, 1.035139, 1.035139, 1.035139, 1.035139, 0.982694, 0.982694, 0.987921, 0.960094, 0.974684, 0.974684, 0.974684, 0.974684
360, 1.043302, 1.043302, 1.049234, 1.019805, 1.035139, 1.035139, 1.035139, 1.035139, 0.982694, 0.982694, 0.987921, 0.960094, 0.974684, 0.974684, 0.974684, 0.974684
361, 1.043302, 1.043302, 1.049234, 1.019805, 1.035139, 1.035139, 1.035139, 1.035139, 0.982694, 0.982694, 0.987921, 0.960094, 0.974684, 0.974684, 0.974684, 0.974684
362, 1.043302, 1.043302, 1.049234, 1.019805, 1.035139, 1.035139, 1.035139, 1.035139, 0.982694, 0.982694, 0.987921, 0.960094, 0.974684, 0.974684, 0.974684, 0.974684
363, 1.043302, 1.043302, 1.049234, 1.019805, 1.035139, 1.035139, 1.035139, 1.035139, 0.982694, 0.982694, 0.987921, 0.960094, 0.974684, 0.974684, 0.974684, 0.974684
364, 1.043302, 1.043302, 1.049234, 1.019805, 1.035139, 1.035139, 1.035139, 1.035139, 0.982694, 0.982694, 0.987921, 0.960094, 0.974684, 0.974684, 0.974684, 0.974684
365, 1.043302, 1.043302, 1.049234, 1.019805, 1.035139, 1.035139, 1.035139, 1.035139, 0.982694, 0.982694, 0.987921, 0.960094, 0.974684, 0.974684, 0.974684, 0.974684
366, 1.043302, 1.043302, 1.049234, 1.019805, 1.035139, 1.035139, 1.035139, 1.035139, 0.982694, 0.982694, 0.987921, 0.960094, 0.974684, 0.974684, 0.974684, 0.974684
367, 1.043302, 1.043302, 1.049234, 1.019805, 1.035139, 1.035139, 1.035139, 1.035139, 0.982694, 0.982694, 0.987921, 0.960094, 0.974684, 0.974684, 0.974684, 0.974684
368, 1.043302, 1.043302, 1.049234, 1.019805, 1.035139, 1.035139, 1.035139, 1.035139, 0.982694, 0.982694, 0.987921, 0.960094, 0.974684, 0.974684, 0.974684, 0.974684
369, 1.043302, 1.043302, 1.049234, 1.019805, 1.035139, 1.035139, 1.035139, 1.035139, 0.982694, 0.982694, 0.987921, 0.960094, 0.974684, 0.974684, 0.974684, 0.974684
370, 1.043302, 1.043302, 1.049234, 1.019805, 1.035139, 1.035139, 1.035139, 1.035139, 0.982694, 0.982694, 0.987921, 0.960094, 0.974684, 0.974684, 0.974684, 0.974684
371, 1.043302, 1.043302, 1.049234, 1.019805, 1.035139, 1.035139, 1.035139, 1.035139, 0.982694, 0.982694, 0.987921, 0.960094, 0.974684, 0.974684, 0.974684, 0.974684
372, 1.043302, 1.043302, 1.049234, 1.019805, 1.035139, 1.035139, 1.035139, 1.035139, 0.982694, 0.982694, 0.987921, 0.960094, 0.974684, 0.974684, 0.974684, 0.974684
373, 1.043302, 1.043302, 1.049234, 1.019805, 1.035139, 1.035139, 1.035139, 1.035139, 0.982694, 0.982694, 0.987921, 0.960094, 0.974684, 0.974684, 0.974684, 0.974684
374, 1.043302, 1.043302, 1.049234, 1.019805, 1.035139, 1.035139, 1.035139, 1.035139, 0.982694, 0.982694, 0.987921, 0.960094, 0.974684, 0.974684, 0.974684, 0.974684
375, 1.043302, 1.043302, 1.049234, 1.019805, 1.035139, 1.035139, 1.035139, 1.035139, 0.982694, 0.982694, 0.987921, 0.960094, 0.974684, 0.974684, 0.974684, 0.974684
376, 1.043302, 1.043302, 1.049234, 1.019805, 1.035139, 1.035139, 1.035139, 1.035139, 0.982694, 0.982694, 0.987921, 0.960094, 0.974684, 0.974684, 0.974684, 0.974684
377, 1.043302, 1.043302, 1.049234, 1.019805, 1.035139, 1.035139, 1.035139, 1.035139, 0.982694, 0.982694, 0.987921, 0.960094, 0.974684, 0.974684, 0.974684, 0.974684
378, 1.043302, 1.043302, 1.049234, 1.019805, 1.035139, 1.035139, 1.035139, 1.035139, 0.982694, 0.982694, 0.987921, 0.960094, 0.974684, 0.974684, 0.974684, 0.974684
379, 1.043302, 1.043302, 1.049234, 1.019805, 1.035139, 1.035139, 1.035139, 1.035139, 0.982694, 0.982694, 0.987921, 0.960094, 0.974684, 0.974684, 0.974684, 0.974684
380, 1.043302, 1.043302, 1.049234, 1.019805, 1.035139, 1.035139, 1.035139, 1.035139, 0.982694, 0.982694, 0.987921, 0.960094, 0.974684, 0.974684, 0.974684, 0.974684
381, 1.043302, 1.043302, 1.049234, 1.019805, 1.035139, 1.035139, 1.035139, 1.035139, 0.982694, 0.982694, 0.987921, 0.960094, 0.974684, 0.974684, 0.974684, 0.974684
382, 1.043302, 1.043302, 1.049234, 1.019805, 1.035139, 1.035139, 1.035139, 1.035139, 0.982694, 0.982694, 0.987921, 0.960094, 0.974684, 0.974684, 0.974684, 0.974684
383, 1.043302, 1.043302, 1.049234, 1.019805, 1.035139, 1.035139, 1.035139, 1.035139, 0.982694, 0.982694, 0.987921, 0.960094, 0.974684, 0.974684, 0.974684, 0.974684
384, 1.043302, 1.043302, 1.049234, 1.019805, 1.035139, 1.035139, 1.035139, 1.035139, 0.982694, 0.982694, 0.987921, 0.960094, 0.974684, 0.974684, 0.974684, 0.974684
385, 1.043302, 1.043302, 1.049234, 1.019805, 1.035139, 1.035139, 1.035139, 1.035139, 0.982694, 0.982694, 0.987921, 0.960094, 0.974684, 0.974684, 0.974684, 0.974684
386, 1.043302, 1.043302, 1.049234, 1.019805, 1.035139, 1.035139, 1.035139, 1.035139, 0.982694, 0.982694, 0.987921, 0.960094, 0.974684, 0.974684, 0.974684, 0.974684
387, 1.043302, 1.043302, 1.049234, 1.019805, 1.035139, 1.035139, 1.035139, 1.035139, 0.982694, 0.982694, 0.987921, 0.960094, 0.974684, 0.974684, 0.974684, 0.974684
388, 1.043302, 1.043302, 1.049234, 1.019805, 1.035139, 1.035139, 1.035139, 1.035139, 0.982694, 0.982694, 0.987921, 0.960094, 0.974684, 0.974684, 0.974684, 0.974684
389, 1.043302, 1.043302, 1.049234, 1.019805, 1.035139, 1.035139, 1.035139, 1.035139, 0.982694, 0.982694, 0.987921, 0.960094, 0.974684, 0.974684, 0.974684, 0.974684
390, 1.043302, 1.043302, 1.049234, 1.019805, 1.035139, 1.035139, 1.035139, 1.035139, 0.982694, 0.982694, 0.987921, 0.960094, 0.974684, 0.974684, 0.974684, 0.974684
391, 1.043302, 1.043302, 1.049234, 1.019805, 1.035139, 1.035139, 1.035139, 1.035139, 0.982694, 0.982694, 0.987921, 0.960094, 0.974684, 0.974684, 0.974684, 0.974684
392, 1.043302, 1.043302, 1.049234, 1.019805, 1.035139, 1.035139, 1.035139, 1.035139, 0.982694, 0.982694, 0.987921, 0.960094, 0.974684, 0.974684, 0.974684, 0.974684
393, 1.043302, 1.043302, 1.049234, 1.019805, 1.035139, 1.035139, 1.035139, 1.035139, 0.982694, 0.982694, 0.987921, 0.960094, 0.974684, 0.974684, 0.974684, 0.974684
394, 1.043302, 1.043302, 1.049234, 1.019805, 1.035139, 1.035139, 1.035139, 1.035139, 0.982694, 0.982694, 0.987921, 0.960094, 0.974684, 0.974684, 0.974684, 0.974684
395, 1.043302, 1.043302, 1.049234, 1.019805, 1.035139, 1.035139, 1.035139, 1.035139, 0.982694, 0.982694, 0.987921, 0.960094, 0.974684, 0.974684, 0.974684, 0.974684
396, 1.043302, 1.043302, 1.049234, 1.019805, 1.035139, 1.035139, 1.035139, 1.035139, 0.982694, 0.982694, 0.987921, 0.960094, 0.974684, 0.974684, 0.974684, 0.974684
397, 1.043302, 1.043302, 1.049234, 1.019805, 1.035139, 1.035139, 1.035139, 1.035139, 0.982694, 0.982694, 0.987921, 0.960094, 0.974684, 0.974684, 0.974684, 0.974684
398, 1.043302, 1.043302, 1.049234, 1.019805, 1.035139, 1.035139, 1.035139, 1.035139, 0.982694, 0.982694, 0.987921, 0.960094, 0.974684, 0.974684, 0.974684, 0.974684
399, 1.043302, 1.043302, 1.049234, 1.019805, 1.035139, 1.035139, 1.035139, 1.035139, 0.982694, 0.982694, 0.987921, 0.960094, 0.974684, 0.974684, 0.974684, 0.974684
400, 1.043302, 1.043302, 1.049234, 1.019805, 1.035139, 1.035139, 1.035139, 1.035139, 0.982694, 0.982694, 0.987921, 0.960094, 0.974684, 0.974684, 0.974684, 0.974684
401, 1.043302, 1.043302, 1.049234, 1.019805, 1.035139, 1.035139, 1.035139, 1.035139, 0.982694, 0.982694, 0.987921, 0.960094, 0.974684, 0.974684, 0.974684, 0.974684
402, 1.043302, 1.043302, 1.049234, 1.019805, 1.035139, 1.035139, 1.035139, 1.035139, 0.982694, 0.982694, 0.987921, 0.960094, 0.974684, 0.974684, 0.974684, 0.974684
403, 1.043302, 1.043302, 1.049234, 1.019805, 1.035139, 1.035139, 1.035139, 1.035139, 0.982694, 0.982694, 0.987921, 0.960094, 0.974684, 0.974684, 0.974684, 0.974684
404, 1.043302, 1.043302, 1.049234, 1.019805, 1.035139, 1.035139, 1.035139, 1.035139, 0.982694, 0.982694, 0.987921, 0.960094, 0.974684, 0.974684, 0.974684, 0.974684
405, 1.043302, 1.043302, 1.049234, 1.019805, 1.035139, 1.035139, 1.035139, 1.035139, 0.982694, 0.982694, 0.987921, 0.960094, 0.974684, 0.974684, 0.974684, 0.974684
406, 1.043302, 1.043302, 1.049234, 1.019805, 1.035139, 1.035139, 1.035139, 1.035139, 0.982694, 0.982694, 0.987921, 0.960094, 0.974684, 0.974684, 0.974684, 0.974684
407, 1.043302, 1.043302, 1.049234, 1.019805, 1.035139, 1.035139, 1.035139, 1.035139, 0.982694, 0.982694, 0.987921, 0.960094, 0.974684, 0.974684, 0.974684, 0.974684
408, 1.043302, 1.043302, 1.049234, 1.019805, 1.035139, 1.035139, 1.035139, 1.035139, 0.982694, 0.982694, 0.987921, 0.960094, 0.974684, 0.974684, 0.974684, 0.974684
409, 1.043302, 1.043302, 1.049234, 1.019805, 1.035139, 1.035139, 1.035139, 1.035139, 0.982694, 0.982694, 0.987921, 0.960094, 0.974684, 0.974684, 0.974684, 0.974684
410, 1.043302, 1.043302, 1.049234, 1.019805, 1.035139, 1.035139, 1.035139, 1.035139, 0.982694, 0.982694, 0.987921, 0.960094, 0.974684, 0.974684, 0.974684, 0.974684
411, 1.043302, 1.043302, 1.049234, 1.019805, 1.035139, 1.035139, 1.035139, 1.035139, 0.982694, 0.982694, 0.987921, 0.960094, 0.974684, 0.974684, 0.974684, 0.974684
412, 1.043302, 1.043302, 1.049234, 1.019805, 1.035139, 1.035139, 1.035139, 1.035139, 0.982694, 0.982694, 0.987921, 0.960094, 0.974684, 0.974684, 0.974684, 0.974684
413, 1.043302, 1.043302, 1.049234, 1.019805, 1.035139, 1.035139, 1.035139, 1.035139, 0.982694, 0.982694, 0.987921, 0.960094, 0.974684, 0.974684, 0.974684, 0.974684
414, 1.043302, 1.043302, 1.049234, 1.019805, 1.035139, 1.035139, 1.035139, 1.035139, 0.982694, 0.982694, 0.987921, 0.960094, 0.974684, 0.974684, 0.974684, 0.974684
415, 1.043302, 1.043302, 1.049234, 1.019805, 1.035139, 1.035139, 1.035139, 1.035139, 0.982694, 0.982694, 0.987921, 0.960094, 0.974684, 0.974684, 0.974684, 0.974684
416, 1.043302, 1.043302, 1.049234, 1.019805, 1.035139, 1.035139, 1.035139, 1.035139, 0.982694, 0.982694, 0.987921, 0.960094, 0.974684, 0.974684, 0.974684, 0.974684
417, 1.043302, 1.043302, 1.049234, 1.019805, 1.035139, 1.035139, 1.035139, 1.035139, 0.982694, 0.982694, 0.987921, 0.960094, 0.974684, 0.974684, 0.974684, 0.974684
418, 1.043302, 1.043302, 1.049234, 1.019805, 1.035139, 1.035139, 1.035139, 1.035139, 0.982694, 0.982694, 0.987921, 0.960094, 0.974684, 0.974684, 0.974684, 0.974684
419, 1.043302, 1.043302, 1.049234, 1.019805, 1.035139, 1.035139, 1.035139, 1.035139, 0.982694, 0.982694, 0.987921, 0.960094, 0.974684, 0.974684, 0.974684, 0.974684
420, 1.043302, 1.043302, 1.049234, 1.019805, 1.035139, 1.035139, 1.035139, 1.035139, 0.982694, 0.982694, 0.987921, 0.960094, 0.974684, 0.974684, 0.974684, 0.974684
421, 1.043302, 1.043302, 1.049234, 1.019805, 1.035139, 1.035139, 1.035139, 1.035139, 0.982694, 0.982694, 0.987921, 0.960094, 0.974684, 0.974684, 0.974684, 0.974684
422, 1.043302, 1.043302, 1.049234, 1.019805, 1.035139, 1.035139, 1.035139, 1.035139, 0.982694, 0.982694, 0.987921, 0.960094, 0.974684, 0.974684, 0.974684, 0.974684
423, 1.043302, 1.043302, 1.049234, 1.019805, 1.035139, 1.035139, 1.035139, 1.035139, 0.982694, 0.982694, 0.987921, 0.960094, 0.974684, 0.974684, 0.974684, 0.974684
424, 1.043302, 1.043302, 1.049234, 1.019805, 1.035139, 1.035139, 1.035139, 1.035139, 0.982694, 0.982694, 0.987921, 0.960094, 0.974684, 0.974684, 0.974684, 0.974684
425, 1.043302, 1.043302, 1.049234, 1.019805, 1.035139, 1.035139, 1.035139, 1.035139, 0.982694, 0.982694, 0.987921, 0.960094, 0.974684, 0.974684, 0.974684, 0.974684
426, 1.043302, 1.043302, 1.049234, 1.019805, 1.035139, 1.035139, 1.035139, 1.035139, 0.982694, 0.982694, 0.987921, 0.960094, 0.974684, 0.974684, 0.974684, 0.974684
427, 1.043302, 1.043302, 1.049234, 1.019805, 1.035139, 1.035139, 1.035139, 1.035139, 0.982694, 0.982694, 0.987921, 0.960094, 0.974684, 0.974684, 0.974684, 0.974684
428, 1.043302, 1.043302, 1.049234, 1.019805, 1.035139, 1.035139, 1.035139, 1.035139, 0.982694, 0.982694, 0.987921, 0.960094, 0.974684, 0.974684, 0.974684, 0.974684
429, 1.043302, 1.043302, 1.049234, 1.019805, 1.035139, 1.035139, 1.035139, 1.035139, 0.982694, 0.982694, 0.987921, 0.960094, 0.974684, 0.974684, 0.974684, 0.974684
430, 1.043302, 1.043302, 1.049234, 1.019805, 1.035139, 1.035139, 1.035139, 1.035139, 0.982694, 0.982694, 0.987921, 0.960094, 0.974684, 0.974684, 0.974684, 0.974684
431, 1.043302, 1.043302, 1.049234, 1.019805, 1.035139, 1.035139, 1.035139, 1.035139, 0.982694, 0.982694, 0.987921, 0.960094, 0.974684, 0.974684, 0.974684, 0.974684
432, 1.043302, 1.043302, 1.049234, 1.019805, 1.035139, 1.035139, 1.035139, 1.035139, 0.982694, 0.982694, 0.987921, 0.960094, 0.974684, 0.974684, 0.974684, 0.974684
433, 1.043302, 1.043302, 1.049234, 1.019805, 1.035139, 1.035139, 1.035139, 1.035139, 0.982694, 0.982694, 0.987921, 0.960094, 0.974684, 0.974684, 0.974684, 0.974684
434, 1.043302, 1.043302, 1.049234, 1.019805, 1.035139, 1.035139, 1.035139, 1.035139, 0.982694, 0.982694, 0.987921, 0.960094, 0.974684, 0.974684, 0.974684, 0.974684
435, 1.043302, 1.043302, 1.049234, 1.019805, 1.035139, 1.035139, 1.035139, 1.035139, 0.982694, 0.982694, 0.987921, 0.960094, 0.974684, 0.974684, 0.974684, 0.974684
436, 1.043302, 1.043302, 1.049234, 1.019805, 1.035139, 1.035139, 1.035139, 1.035139, 0.982694, 0.982694, 0.987921, 0.960094, 0.974684, 0.974684, 0.974684, 0.974684
437, 1.043302, 1.043302, 1.049234, 1.019805, 1.035139, 1.035139, 1.035139, 1.035139, 0.982694, 0.982694, 0.987921, 0.960094, 0.974684, 0.974684, 0.974684, 0.974684
438, 1.043302, 1.043302, 1.049234, 1.019805, 1.035139, 1.035139, 1.035139, 1.035139, 0.982694, 0.982694, 0.987921, 0.960094, 0.974684, 0.974684, 0.974684, 0.974684
439, 1.043302, 1.043302, 1.049234, 1.019805, 1.035139, 1.035139, 1.035139, 1.035139, 0.982694, 0.982694, 0.987921, 0.960094, 0.974684, 0.974684, 0.974684, 0.974684
440, 1.043302, 1.043302, 1.049234, 1.019805, 1.035139, 1.035139, 1.035139, 1.035139, 0.982694, 0.982694, 0.987921, 0.960094, 0.974684, 0.974684, 0.974684, 0.974684
441, 1.043302, 1.043302, 1.049234, 1.019805, 1.035139, 1.035139, 1.035139, 1.035139, 0.982694, 0.982694, 0.987921, 0.960094, 0.974684, 0.974684, 0.974684, 0.974684
442, 1.043302, 1.043302, 1.049234, 1.019805, 1.035139, 1.035139, 1.035139, 1.035139, 0.982694, 0.982694, 0.987921, 0.960094, 0.974684, 0.974684, 0.974684, 0.974684
443, 1.043302, 1.043302, 1.049234, 1.019805, 1.035139, 1.035139, 1.035139, 1.035139, 0.982694, 0.982694, 0.987921, 0.960094, 0.974684, 0.974684, 0.974684, 0.974684
444, 1.043302, 1.043302, 1.049234, 1.019805, 1.035139, 1.035139, 1.035139, 1.035139, 0.982694, 0.982694, 0.987921, 0.960094, 0.974684, 0.974684, 0.974684, 0.974684
445, 1.043302, 1.043302, 1.049234, 1.019805, 1.035139, 1.035139, 1.035139, 1.035139, 0.982694, 0.982694, 0.987921, 0.960094, 0.974684, 0.974684, 0.974684, 0.974684
446, 1.043302, 1.043302, 1.049234, 1.019805, 1.035139, 1.035139, 1.035139, 1.035139, 0.982694, 0.982694, 0.987921, 0.960094, 0.974684, 0.974684, 0.974684, 0.974684
447, 1.043302, 1.043302, 1.049234, 1.019805, 1.035139, 1.035139, 1.035139, 1.035139, 0.982694, 0.982694, 0.987921, 0.960094, 0.974684, 0.974684, 0.974684, 0.974684
448, 1.043302, 1.043302, 1.049234, 1.019805, 1.035139, 1.035139, 1.035139, 1.035139, 0.982694, 0.982694, 0.987921, 0.960094, 0.974684, 0.974684, 0.974684, 0.974684
449, 1.043302, 1.043302, 1.049234, 1.019805, 1.035139, 1.035139, 1.035139, 1.035139, 0.982694, 0.982694, 0.987921, 0.960094, 0.974684, 0.974684, 0.974684, 0.974684
450, 1.043302, 1.043302, 1.049234, 1.019805, 1.035139, 1.035139, 1.035139, 1.035139, 0.982694, 0.982694, 0.987921, 0.960094, 0.974684, 0.974684, 0.974684, 0.974684
451, 1.043302, 1.043302, 1.049234, 1.019805, 1.035139, 1.035139, 1.035139, 1.035139, 0.982694, 0.982694, 0.987921, 0.960094, 0.974684, 0.974684, 0.974684, 0.974684
452, 1.043302, 1.043302, 1.049234, 1.019805, 1.035139, 1.035139, 1.035139, 1.035139, 0.982694, 0.982694, 0.987921, 0.960094, 0.974684, 0.974684, 0.974684, 0.974684
453, 1.043302, 1.043302, 1.049234, 1.019805, 1.035139, 1.035139, 1.035139, 1.035139, 0.982694, 0.982694, 0.987921, 0.960094, 0.974684, 0.974684, 0.974684, 0.974684
454, 1.043302, 1.043302, 1.049234, 1.019805, 1.035139, 1.035139, 1.035139, 1.035139, 0.982694, 0.982694, 0.987921, 0.960094, 0.974684, 0.974684, 0.974684, 0.974684
455, 1.043302, 1.043302, 1.049234, 1.019805, 1.035139, 1.035139, 1.035139, 1.035139, 0.982694, 0.982694, 0.987921, 0.960094, 0.974684, 0.974684, 0.974684, 0.974684
456, 1.043302, 1.043302, 1.049234, 1.019805, 1.035139, 1.035139, 1.035139, 1.035139, 0.982694, 0.982694, 0.987921, 0.960094, 0.974684, 0.974684, 0.974684, 0.974684
457, 1.043302, 1.043302, 1.049234, 1.019805, 1.035139, 1.035139, 1.035139, 1.035139, 0.982694, 0.982694, 0.987921, 0.960094, 0.974684, 0.974684, 0.974684, 0.974684
458, 1.043302, 1.043302, 1.049234, 1.019805, 1.035139, 1.035139, 1.035139, 1.035139, 0.982694, 0.982694, 0.987921, 0.960094, 0.974684, 0.974684, 0.974684, 0.974684
459, 1.043302, 1.043302, 1.049234, 1.019805, 1.035139, 1.035139, 1.035139, 1.035139, 0.982694, 0.982694, 0.987921, 0.960094, 0.974684, 0.974684, 0.974684, 0.974684
460, 1.043302, 1.043302, 1.049234, 1.019805, 1.035139, 1.035139, 1.035139, 1.035139, 0.982694, 0.982694, 0.987921, 0.960094, 0.974684, 0.974684, 0.974684, 0.974684
461, 1.043302, 1.043302, 1.049234, 1.019805, 1.035139, 1.035139, 1.035139, 1.035139, 0.982694, 0.982694, 0.987921, 0.960094, 0.974684, 0.974684, 0.974684, 0.974684
462, 1.043302, 1.043302, 1.049234, 1.019805, 1.035139, 1.035139, 1.035139, 1.035139, 0.982694, 0.982694, 0.987921, 0.960094, 0.974684, 0.974684, 0.974684, 0.974684
463, 1.043302, 1.043302, 1.049234, 1.019805, 1.035139, 1.035139, 1.035139, 1.035139, 0.982694, 0.982694, 0.987921, 0.960094, 0.974684, 0.974684, 0.974684, 0.974684
464, 1.043302, 1.043302, 1.049234, 1.019805, 1.035139, 1.035139, 1.035139, 1.035139, 0.982694, 0.982694, 0.987921, 0.960094, 0.974684, 0.974684, 0.974684, 0.974684
465, 1.043302, 1.043302, 1.049234, 1.019805, 1.035139, 1.035139, 1.035139, 1.035139, 0.982694, 0.982694, 0.987921, 0.960094, 0.974684, 0.974684, 0.974684, 0.974684
466, 1.043302, 1.043302, 1.049234, 1.019805, 1.035139, 1.035139, 1.035139, 1.035139, 0.982694, 0.982694, 0.987921, 0.960094, 0.974684, 0.974684, 0.974684, 0.974684
467, 1.043302, 1.043302, 1.049234, 1.019805, 1.035139, 1.035139, 1.035139, 1.035139, 0.982694, 0.982694, 0.987921, 0.960094, 0.974684, 0.974684, 0.974684, 0.974684
468, 1.043302, 1.043302, 1.049234, 1.019805, 1.035139, 1.035139, 1.035139, 1.035139, 0.982694, 0.982694, 0.987921, 0.960094, 0.974684, 0.974684, 0.974684, 0.974684
469, 1.043302, 1.043302, 1.049234, 1.019805, 1.035139, 1.035139, 1.035139, 1.035139, 0.982694, 0.982694, 0.987921, 0.960094, 0.974684, 0.974684, 0.974684, 0.974684
470, 1.043302, 1.043302, 1.049234, 1.019805, 1.035139, 1.035139, 1.035139, 1.035139, 0.982694, 0.982694, 0.987921, 0.960094, 0.974684, 0.974684, 0.974684, 0.974684
471, 1.043302, 1.043302, 1.049234, 1.019805, 1.035139, 1.035139, 1.035139, 1.035139, 0.982694, 0.982694, 0.987921, 0.960094, 0.974684, 0.974684, 0.974684, 0.974684
472, 1.043302, 1.043302, 1.049234, 1.019805, 1.035139, 1.035139, 1.035139, 1.035139, 0.982694, 0.982694, 0.987921, 0.960094, 0.974684, 0.974684, 0.974684, 0.974684
473, 1.043302, 1.043302, 1.049234, 1.019805, 1.035139, 1.035139, 1.035139, 1.035139, 0.982694, 0.982694, 0.987921, 0.960094, 0.974684, 0.974684, 0.974684, 0.974684
474, 1.043302, 1.043302, 1.049234, 1.019805, 1.035139, 1.035139, 1.035139, 1.035139, 0.982694, 0.982694, 0.987921, 0.960094, 0.974684, 0.974684, 0.974684, 0.974684
475, 1.043302, 1.043302, 1.049234, 1.019805, 1.035139, 1.035139, 1.035139, 1.035139, 0.982694, 0.982694, 0.987921, 0.960094, 0.974684, 0.974684, 0.974684, 0.974684
476, 1.043302, 1.043302, 1.049234, 1.019805, 1.035139, 1.035139, 1.035139, 1.035139, 0.982694, 0.982694, 0.987921, 0.960094, 0.974684, 0.974684, 0.974684, 0.974684
477, 1.043302, 1.043302, 1.049234, 1.019805, 1.035139, 1.035139, 1.035139, 1.035139, 0.982694, 0.982694, 0.987921, 0.960094, 0.974684, 0.974684, 0.974684, 0.974684
478, 1.043302, 1.043302, 1.049234, 1.019805, 1.035139, 1.035139, 1.035139, 1.035139, 0.982694, 0.982694, 0.987921, 0.960094, 0.974684, 0.974684, 0.974684, 0.974684
479, 1.043302, 1.043302, 1.049234, 1.019805, 1.035139, 1.035139, 1.035139, 1.035139, 0.982694, 0.982694, 0.987921, 0.960094, 0.974684, 0.974684, 0.974684, 0.974684
480, 1.043302, 1.043302, 1.049234, 1.019805, 1.035139, 1.035139, 1.035139, 1.035139, 0.982694, 0.982694, 0.987921, 0.960094, 0.974684, 0.974684, 0.974684, 0.974684
481, 1.043302, 1.043302, 1.049234, 1.019805, 1.035139, 1.035139, 1.035139, 1.035139, 0.982694, 0.982694, 0.987921, 0.960094, 0.974684, 0.974684, 0.974684, 0.974684
482, 1.043302, 1.043302, 1.049234, 1.019805, 1.035139, 1.035139, 1.035139, 1.035139, 0.982694, 0.982694, 0.987921, 0.960094, 0.974684, 0.974684, 0.974684, 0.974684
483, 1.043302, 1.043302, 1.049234, 1.019805, 1.035139, 1.035139, 1.035139, 1.035139, 0.982694, 0.982694, 0.987921, 0.960094, 0.974684, 0.974684, 0.974684, 0.974684
484, 1.043302, 1.043302, 1.049234, 1.019805, 1.035139, 1.035139, 1.035139, 1.035139, 0.982694, 0.982694, 0.987921, 0.960094, 0.974684, 0.974684, 0.974684, 0.974684
485, 1.043302, 1.043302, 1.049234, 1.019805, 1.035139, 1.035139, 1.035139, 1.035139, 0.982694, 0.982694, 0.987921, 0.960094, 0.974684, 0.974684, 0.974684, 0.974684
486, 1.043302, 1.043302, 1.049234, 1.019805, 1.035139, 1.035139, 1.035139, 1.035139, 0.982694, 0.982694, 0.987921, 0.960094, 0.974684, 0.974684, 0.974684, 0.974684
487, 1.043302, 1.043302, 1.049234, 1.019805, 1.035139, 1.035139, 1.035139, 1.035139, 0.982694, 0.982694, 0.987921, 0.960094, 0.974684, 0.974684, 0.974684, 0.974684
488, 1.043302, 1.043302, 1.049234, 1.019805, 1.035139, 1.035139, 1.035139, 1.035139, 0.982694, 0.982694, 0.987921, 0.960094, 0.974684, 0.974684, 0.974684, 0.974684
489, 1.043302, 1.043302, 1.049234, 1.019805, 1.035139, 1.035139, 1.035139, 1.035139, 0.982694, 0.982694, 0.987921, 0.960094, 0.974684, 0.974684, 0.974684, 0.974684
490, 1.043302, 1.043302, 1.049234, 1.019805, 1.035139, 1.035139, 1.035139, 1.035139, 0.982694, 0.982694, 0.987921, 0.960094, 0.974684, 0.974684, 0.974684, 0.974684
491, 1.043302, 1.043302, 1.049234, 1.019805, 1.035139, 1.035139, 1.035139, 1.035139, 0.982694, 0.982694, 0.987921, 0.960094, 0.974684, 0.974684, 0.974684, 0.974684
492, 1.043302, 1.043302, 1.049234, 1.019805, 1.035139, 1.035139, 1.035139, 1.035139, 0.982694, 0.982694, 0.987921, 0.960094, 0.974684, 0.974684, 0.974684, 0.974684
493, 1.043302, 1.043302, 1.049234, 1.019805, 1.035139, 1.035139, 1.035139, 1.035139, 0.982694, 0.982694, 0.987921, 0.960094, 0.974684, 0.974684, 0.974684, 0.974684
494, 1.043302, 1.043302, 1.049234, 1.019805, 1.035139, 1.035139, 1.035139, 1.035139, 0.982694, 0.982694, 0.987921, 0.960094, 0.974684, 0.974684, 0.974684, 0.974684
495, 1.043302, 1.043302, 1.049234, 1.019805, 1.035139, 1.035139, 1.035139, 1.035139, 0.982694, 0.982694, 0.987921, 0.960094, 0.974684, 0.974684, 0.974684, 0.974684
496, 1.043302, 1.043302, 1.049234, 1.019805, 1.035139, 1.035139, 1.035139, 1.035139, 0.982694, 0.982694, 0.987921, 0.960094, 0.974684, 0.974684, 0.974684, 0.974684
497, 1.043302, 1.043302, 1.049234, 1.019805, 1.035139, 1.035139, 1.035139, 1.035139, 0.982694, 0.982694, 0.987921, 0.960094, 0.974684, 0.974684, 0.974684, 0.974684
498, 1.043302, 1.043302, 1.049234, 1.019805, 1.035139, 1.035139, 1.035139, 1.035139, 0.982694, 0.982694, 0.987921, 0.960094, 0.974684, 0.974684, 0.974684, 0.974684
499, 1.043302, 1.043302, 1.049234, 1.019805, 1.035139, 1.035139, 1.035139, 1.035139, 0.982694, 0.982694, 0.987921, 0.960094, 0.974684, 0.974684, 0.974684, 0.974684
500, 1.043302, 1.043302, 1.049234, 1.019805, 1.035139, 1.035139, 1.035139, 1.035139, 0.982694, 0.982694, 0.987921, 0.960094, 0.974684, 0.974684, 0.974684, 0.974684
501, 1.043302, 1.043302, 1.049234, 1.019805, 1.035139, 1.035139, 1.035139, 1.035139, 0.982694, 0.982694, 0.987921, 0.960094, 0.974684, 0.974684, 0.974684, 0.974684
502, 1.043302, 1.043302, 1.049234, 1.019805, 1.035139, 1.035139, 1.035139, 1.035139, 0.982694, 0.982694, 0.987921, 0.960094, 0.974684, 0.974684, 0.974684, 0.974684
503, 1.043302, 1.043302, 1.049234, 1.019805, 1.035139, 1.035139, 1.035139, 1.035139, 0.982694, 0.982694, 0.987921, 0.960094, 0.974684, 0.974684, 0.974684, 0.974684
504, 1.043302, 1.043302, 1.049234, 1.019805, 1.035139, 1.035139, 1.035139, 1.035139, 0.982694, 0.982694, 0.987921, 0.960094, 0.974684, 0.974684, 0.974684, 0.974684
505, 1.043302, 1.043302, 1.049234, 1.019805, 1.035139, 1.035139, 1.035139, 1.035139, 0.982694, 0.982694, 0.987921, 0.960094, 0.974684, 0.974684, 0.974684, 0.974684
506, 1.043302, 1.043302, 1.049234, 1.019805, 1.035139, 1.035139, 1.035139, 1.035139, 0.982694, 0.982694, 0.987921, 0.960094, 0.974684, 0.974684, 0.974684, 0.974684
507, 1.043302, 1.043302, 1.049234, 1.019805, 1.035139, 1.035139, 1.035139, 1.035139, 0.982694, 0.982694, 0.987921, 0.960094, 0.974684, 0.974684, 0.974684, 0.974684
508, 1.043302, 1.043302, 1.049234, 1.019805, 1.035139, 1.035139, 1.035139, 1.035139, 0.982694, 0.982694, 0.987921, 0.960094, 0.974684, 0.974684, 0.974684, 0.974684
509, 1.043302, 1.043302, 1.049234, 1.019805, 1.035139, 1.035139, 1.035139, 1.035139, 0.982694, 0.982694, 0.987921, 0.960094, 0.974684, 0.974684, 0.974684, 0.974684
510, 1.043302, 1.043302, 1.049234, 1.019805, 1.035139, 1.035139, 1.035139, 1.035139, 0.982694, 0.982694, 0.987921, 0.960094, 0.974684, 0.974684, 0.974684, 0.974684
511, 1.043302, 1.043302, 1.049234, 1.019805, 1.035139, 1.035139, 1.035139, 1.035139, 0.982694, 0.982694, 0.987921, 0.960094, 0.974684, 0.974684, 0.974684, 0.974684
512, 1.043302, 1.043302, 1.049234, 1.019805, 1.035139, 1.035139, 1.035139, 1.035139, 0.982694, 0.982694, 0.987921, 0.960094, 0.974684, 0.974684, 0.974684, 0.974684
513, 1.043302, 1.043302, 1.049234, 1.019805, 1.035139, 1.035139, 1.035139, 1.035139, 0.982694, 0.982694, 0.987921, 0.960094, 0.974684, 0.974684, 0.974684, 0.974684
514, 1.043302, 1.043302, 1.049234, 1.019805, 1.035139, 1.035139, 1.035139, 1.035139, 0.982694, 0.982694, 0.987921, 0.960094, 0.974684, 0.974684, 0.974684, 0.974684
515, 1.043302, 1.043302, 1.049234, 1.019805, 1.035139, 1.035139, 1.035139, 1.035139, 0.982694, 0.982694, 0.987921, 0.960094, 0.974684, 0.974684, 0.974684, 0.974684
516, 1.043302, 1.043302, 1.049234, 1.019805, 1.035139, 1.035139, 1.035139, 1.035139, 0.982694, 0.982694, 0.987921, 0.960094, 0.974684, 0.974684, 0.974684, 0.974684
517, 1.043302, 1.043302, 1.049234, 1.019805, 1.035139, 1.035139, 1.035139, 1.035139, 0.982694, 0.982694, 0.987921, 0.960094, 0.974684, 0.974684, 0.974684, 0.974684
518, 1.043302, 1.043302, 1.049234, 1.019805, 1.035139, 1.035139, 1.035139, 1.035139, 0.982694, 0.982694, 0.987921, 0.960094, 0.974684, 0.974684, 0.974684, 0.974684
519, 1.043302, 1.043302, 1.049234, 1.019805, 1.035139, 1.035139, 1.035139, 1.035139, 0.982694, 0.982694, 0.987921, 0.960094, 0.974684, 0.974684, 0.974684, 0.974684
520, 1.043302, 1.043302, 1.049234, 1.019805, 1.035139, 1.035139, 1.035139, 1.035139, 0.982694, 0.982694, 0.987921, 0.960094, 0.974684, 0.974684, 0.974684, 0.974684
521, 1.043302, 1.043302, 1.049234, 1.019805, 1.035139, 1.035139, 1.035139, 1.035139, 0.982694, 0.982694, 0.987921, 0.960094, 0.974684, 0.974684, 0.974684, 0.974684
522, 1.043302, 1.043302, 1.049234, 1.019805, 1.035139, 1.035139, 1.035139, 1.035139, 0.982694, 0.982694, 0.987921, 0.960094, 0.974684, 0.974684, 0.974684, 0.974684
523, 1.043302, 1.043302, 1.049234, 1.019805, 1.035139, 1.035139, 1.035139, 1.035139, 0.982694, 0.982694, 0.987921, 0.960094, 0.974684, 0.974684, 0.974684, 0.974684
524, 1.043302, 1.043302, 1.049234, 1.019805, 1.035139, 1.035139, 1.035139, 1.035139, 0.982694, 0.982694, 0.987921, 0.960094, 0.974684, 0.974684, 0.974684, 0.974684
525, 1.043302, 1.043302, 1.049234, 1.019805, 1.035139, 1.035139, 1.035139, 1.035139, 0.982694, 0.982694, 0.987921, 0.960094, 0.974684, 0.974684, 0.974684, 0.974684
526, 1.043302, 1.043302, 1.049234, 1.019805, 1.035139, 1.035139, 1.035139, 1.035139, 0.982694, 0.982694, 0.987921, 0.960094, 0.974684, 0.974684, 0.974684, 0.974684
527, 1.043302, 1.043302, 1.049234, 1.019805, 1.035139, 1.035139, 1.035139, 1.035139, 0.982694, 0.982694, 0.987921, 0.960094, 0.974684, 0.974684, 0.974684, 0.974684
528, 1.043302, 1.043302, 1.049234, 1.019805, 1.035139, 1.035139, 1.035139, 1.035139, 0.982694, 0.982694, 0.987921, 0.960094, 0.974684, 0.974684, 0.974684, 0.974684
529, 1.043302, 1.043302, 1.049234, 1.019805, 1.035139, 1.035139, 1.035139, 1.035139, 0.982694, 0.982694, 0.987921, 0.960094, 0.974684, 0.974684, 0.974684, 0.974684
530, 1.043302, 1.043302, 1.049234, 1.019805, 1.035139, 1.035139, 1.035139, 1.035139, 0.982694, 0.982694, 0.987921, 0.960094, 0.974684, 0.974684, 0.974684, 0.974684
531, 1.043302, 1.043302, 1.049234, 1.019805, 1.035139, 1.035139, 1.035139, 1.035139, 0.982694, 0.982694, 0.987921, 0.960094, 0.974684, 0.974684, 0.974684, 0.974684
532, 1.043302, 1.043302, 1.049234, 1.019805, 1.035139, 1.035139, 1.035139, 1.035139, 0.982694, 0.982694, 0.987921, 0.960094, 0.974684, 0.974684, 0.974684, 0.974684
533, 1.043302, 1.043302, 1.049234, 1.019805, 1.035139, 1.035139, 1.035139, 1.035139, 0.982694, 0.982694, 0.987921, 0.960094, 0.974684, 0.974684, 0.974684, 0.974684
534, 1.043302, 1.043302, 1.049234, 1.019805, 1.035139, 1.035139, 1.035139, 1.035139, 0.982694, 0.982694, 0.987921, 0.960094, 0.974684, 0.974684, 0.974684, 0.974684
535, 1.043302, 1.043302, 1.049234, 1.019805, 1.035139, 1.035139, 1.035139, 1.035139, 0.982694, 0.982694, 0.987921, 0.960094, 0.974684, 0.974684, 0.974684, 0.974684
536, 1.043302, 1.043302, 1.049234, 1.019805, 1.035139, 1.035139, 1.035139, 1.035139, 0.982694, 0.982694, 0.987921, 0.960094, 0.974684, 0.974684, 0.974684, 0.974684
537, 1.043302, 1.043302, 1.049234, 1.019805, 1.035139, 1.035139, 1.035139, 1.035139, 0.982694, 0.982694, 0.987921, 0.960094, 0.974684, 0.974684, 0.974684, 0.974684
538, 1.043302, 1.043302, 1.049234, 1.019805, 1.035139, 1.035139, 1.035139, 1.035139, 0.982694, 0.982694, 0.987921, 0.960094, 0.974684, 0.974684, 0.974684, 0.974684
539, 1.043302, 1.043302, 1.049234, 1.019805, 1.035139, 1.035139, 1.035139, 1.035139, 0.982694, 0.982694, 0.987921, 0.960094, 0.974684, 0.974684, 0.974684, 0.974684
540, 1.043302, 1.043302, 1.049234, 1.019805, 1.035139, 1.035139, 1.035139, 1.035139, 0.982694, 0.982694, 0.987921, 0.960094, 0.974684, 0.974684, 0.974684, 0.974684
541, 1.043302, 1.043302, 1.049234, 1.019805, 1.035139, 1.035139, 1.035139, 1.035139, 0.982694, 0.982694, 0.987921, 0.960094, 0.974684, 0.974684, 0.974684, 0.974684
542, 1.043302, 1.043302, 1.049234, 1.019805, 1.035139, 1.035139, 1.035139, 1.035139, 0.982694, 0.982694, 0.987921, 0.960094, 0.974684, 0.974684, 0.974684, 0.974684
543, 1.043302, 1.043302, 1.049234, 1.019805, 1.035139, 1.035139, 1.035139, 1.035139, 0.982694, 0.982694, 0.987921, 0.960094, 0.974684, 0.974684, 0.974684, 0.974684
544, 1.043302, 1.043302, 1.049234, 1.019805, 1.035139, 1.035139, 1.035139, 1.035139, 0.982694, 0.982694, 0.987921, 0.960094, 0.974684, 0.974684, 0.974684, 0.974684
545, 1.043302, 1.043302, 1.049234, 1.019805, 1.035139, 1.035139, 1.035139, 1.035139, 0.982694, 0.982694, 0.987921, 0.960094, 0.974684, 0.974684, 0.974684, 0.974684
546, 1.043302, 1.043302, 1.049234, 1.019805, 1.035139, 1.035139, 1.035139, 1.035139, 0.982694, 0.982694, 0.987921, 0.960094, 0.974684, 0.974684, 0.974684, 0.974684
547, 1.043302, 1.043302, 1.049234, 1.019805, 1.035139, 1.035139, 1.035139, 1.035139, 0.982694, 0.982694, 0.987921, 0.960094, 0.974684, 0.974684, 0.974684, 0.974684
548, 1.043302, 1.043302, 1.049234, 1.019805, 1.035139, 1.035139, 1.035139, 1.035139, 0.982694, 0.982694, 0.987921, 0.960094, 0.974684, 0.974684, 0.974684, 0.974684
549, 1.043302, 1.043302, 1.049234, 1.019805, 1.035139, 1.035139, 1.035139, 1.035139, 0.982694, 0.982694, 0.987921, 0.960094, 0.974684, 0.974684, 0.974684, 0.974684
550, 1.043302, 1.043302, 1.049234, 1.019805, 1.035139, 1.035139, 1.035139, 1.035139, 0.982694, 0.982694, 0.987921, 0.960094, 0.974684, 0.974684, 0.974684, 0.974684
551, 1.043302, 1.043302, 1.049234, 1.019805, 1.035139, 1.035139, 1.035139, 1.035139, 0.982694, 0.982694, 0.987921, 0.960094, 0.974684, 0.974684, 0.974684, 0.974684
552, 1.043302, 1.043302, 1.049234, 1.019805, 1.035139, 1.035139, 1.035139, 1.035139, 0.982694, 0.982694, 0.987921, 0.960094, 0.974684, 0.974684, 0.974684, 0.974684
553, 1.043302, 1.043302, 1.049234, 1.019805, 1.035139, 1.035139, 1.035139, 1.035139, 0.982694, 0.982694, 0.987921, 0.960094, 0.974684, 0.974684, 0.974684, 0.974684
554, 1.043302, 1.043302, 1.049234, 1.019805, 1.035139, 1.035139, 1.035139, 1.035139, 0.982694, 0.982694, 0.987921, 0.960094, 0.974684, 0.974684, 0.974684, 0.974684
555, 1.043302, 1.043302, 1.049234, 1.019805, 1.035139, 1.035139, 1.035139, 1.035139, 0.982694, 0.982694, 0.987921, 0.960094, 0.974684, 0.974684, 0.974684, 0.974684
556, 1.043302, 1.043302, 1.049234, 1.019805, 1.035139, 1.035139, 1.035139, 1.035139, 0.982694, 0.982694, 0.987921, 0.960094, 0.974684, 0.974684, 0.974684, 0.974684
557, 1.043302, 1.043302, 1.049234, 1.019805, 1.035139, 1.035139, 1.035139, 1.035139, 0.982694, 0.982694, 0.987921, 0.960094, 0.974684, 0.974684, 0.974684, 0.974684
558, 1.043302, 1.043302, 1.049234, 1.019805, 1.035139, 1.035139, 1.035139, 1.035139, 0.982694, 0.982694, 0.987921, 0.960094, 0.974684, 0.974684, 0.974684, 0.974684
559, 1.043302, 1.043302, 1.049234, 1.019805, 1.035139, 1.035139, 1.035139, 1.035139, 0.982694, 0.982694, 0.987921, 0.960094, 0.974684, 0.974684, 0.974684, 0.974684
560, 1.043302, 1.043302, 1.049234, 1.019805, 1.035139, 1.035139, 1.035139, 1.035139, 0.982694, 0.982694, 0.987921, 0.960094, 0.974684, 0.974684, 0.974684, 0.974684
561, 1.043302, 1.043302, 1.049234, 1.019805, 1.035139, 1.035139, 1.035139, 1.035139, 0.982694, 0.982694, 0.987921, 0.960094, 0.974684, 0.974684, 0.974684, 0.974684
562, 1.043302, 1.043302, 1.049234, 1.019805, 1.035139, 1.035139, 1.035139, 1.035139, 0.982694, 0.982694, 0.987921, 0.960094, 0.974684, 0.974684, 0.974684, 0.974684
563, 1.043302, 1.043302, 1.049234, 1.019805, 1.035139, 1.035139, 1.035139, 1.035139, 0.982694, 0.982694, 0.987921, 0.960094, 0.974684, 0.974684, 0.974684, 0.974684
564, 1.043302, 1.043302, 1.049234, 1.019805, 1.035139, 1.035139, 1.035139, 1.035139, 0.982694, 0.982694, 0.987921, 0.960094, 0.974684, 0.974684, 0.974684, 0.974684
565, 1.043302, 1.043302, 1.049234, 1.019805, 1.035139, 1.035139, 1.035139, 1.035139, 0.982694, 0.982694, 0.987921, 0.960094, 0.974684, 0.974684, 0.974684, 0.974684
566, 1.043302, 1.043302, 1.049234, 1.019805, 1.035139, 1.035139, 1.035139, 1.035139, 0.982694, 0.982694, 0.987921, 0.960094, 0.974684, 0.974684, 0.974684, 0.974684
567, 1.043302, 1.043302, 1.049234, 1.019805, 1.035139, 1.035139, 1.035139, 1.035139, 0.982694, 0.982694, 0.987921, 0.960094, 0.974684, 0.974684, 0.974684, 0.974684
568, 1.043302, 1.043302, 1.049234, 1.019805, 1.035139, 1.035139, 1.035139, 1.035139, 0.982694, 0.982694, 0.987921, 0.960094, 0.974684, 0.974684, 0.974684, 0.974684
569, 1.043302, 1.043302, 1.049234, 1.019805, 1.035139, 1.035139, 1.035139, 1.035139, 0.982694, 0.982694, 0.987921, 0.960094, 0.974684, 0.974684, 0.974684, 0.974684
570, 1.043302, 1.043302, 1.049234, 1.019805, 1.035139, 1.035139, 1.035139, 1.035139, 0.982694, 0.982694, 0.987921, 0.960094, 0.974684, 0.974684, 0.974684, 0.974684
571, 1.043302, 1.043302, 1.049234, 1.019805, 1.035139, 1.035139, 1.035139, 1.035139, 0.982694, 0.982694, 0.987921, 0.960094, 0.974684, 0.974684, 0.974684, 0.974684
572, 1.043302, 1.043302, 1.049234, 1.019805, 1.035139, 1.035139, 1.035139, 1.035139, 0.982694, 0.982694, 0.987921, 0.960094, 0.974684, 0.974684, 0.974684, 0.974684
573, 1.043302, 1.043302, 1.049234, 1.019805, 1.035139, 1.035139, 1.035139, 1.035139, 0.982694, 0.982694, 0.987921, 0.960094, 0.974684, 0.974684, 0.974684, 0.974684
574, 1.043302, 1.043302, 1.049234, 1.019805, 1.035139, 1.035139, 1.035139, 1.035139, 0.982694, 0.982694, 0.987921, 0.960094, 0.974684, 0.974684, 0.974684, 0.974684
575, 1.000000, 1.000000, 1.000000, 1.000000, 1.000000, 1.000000, 1.000000, 1.000000, 1.000000, 1.000000, 1.000000, 1.000000, 1.000000, 1.000000, 1.000000, 1.000000
576, 1.043302, 1.043302, 1.049234, 1.019805, 1.035139, 1.035139, 1.035139, 1.035139, 0.982694, 0.982694, 0.987921, 0.960094, 0.974684, 0.974684, 0.974684, 0.974684
577, 1.043302, 1.043302, 1.049234, 1.019805, 1.035139, 1.035139, 1.035139, 1.035139, 0.982694, 0.982694, 0.987921, 0.960094, 0.974684, 0.974684, 0.974684, 0.974684
578, 1.043302, 1.043302, 1.049234, 1.019805, 1.035139, 1.035139, 1.035139, 1.035139, 0.982694, 0.982694, 0.987921, 0.960094, 0.974684, 0.974684, 0.974684, 0.974684
579, 1.043302, 1.043302, 1.049234, 1.019805, 1.035139, 1.035139, 1.035139, 1.035139, 0.982694, 0.982694, 0.987921, 0.960094, 0.974684, 0.974684, 0.974684, 0.974684
580, 1.043302, 1.043302, 1.049234, 1.019805, 1.035139, 1.035139, 1.035139, 1.035139, 0.982694, 0.982694, 0.987921, 0.960094, 0.974684, 0.974684, 0.974684, 0.974684
581, 1.043302, 1.043302, 1.049234, 1.019805, 1.035139, 1.035139, 1.035139, 1.035139, 0.982694, 0.982694, 0.987921, 0.960094, 0.974684, 0.974684, 0.974684, 0.974684
582, 1.043302, 1.043302, 1.049234, 1.019805, 1.035139, 1.035139, 1.035139, 1.035139, 0.982694, 0.982694, 0.987921, 0.960094, 0.974684, 0.974684, 0.974684, 0.974684
583, 1.043302, 1.043302, 1.049234, 1.019805, 1.035139, 1.035139, 1.035139, 1.035139, 0.982694, 0.982694, 0.987921, 0.960094, 0.974684, 0.974684, 0.974684, 0.974684
584, 1.043302, 1.043302, 1.049234, 1.019805, 1.035139, 1.035139, 1.035139, 1.035139, 0.982694, 0.982694, 0.987921, 0.960094, 0.974684, 0.974684, 0.974684, 0.974684
585, 1.043302, 1.043302, 1.049234, 1.019805, 1.035139, 1.035139, 1.035139, 1.035139, 0.982694, 0.982694, 0.987921, 0.960094, 0.974684, 0.974684, 0.974684, 0.974684
586, 1.043302, 1.043302, 1.049234, 1.019805, 1.035139, 1.035139, 1.035139, 1.035139, 0.982694, 0.982694, 0.987921, 0.960094, 0.974684, 0.974684, 0.974684, 0.974684
587, 1.043302, 1.043302, 1.049234, 1.019805, 1.035139, 1.035139, 1.035139, 1.035139, 0.982694, 0.982694, 0.987921, 0.960094, 0.974684, 0.974684, 0.974684, 0.974684
588, 1.043302, 1.043302, 1.049234, 1.019805, 1.035139, 1.035139, 1.035139, 1.035139, 0.982694, 0.982694, 0.987921, 0.960094, 0.974684, 0.974684, 0.974684, 0.974684
589, 1.043302, 1.043302, 1.049234, 1.019805, 1.035139, 1.035139, 1.035139, 1.035139, 0.982694, 0.982694, 0.987921, 0.960094, 0.974684, 0.974684, 0.974684, 0.974684
590, 1.043302, 1.043302, 1.049234, 1.019805, 1.035139, 1.035139, 1.035139, 1.035139, 0.982694, 0.982694, 0.987921, 0.960094, 0.974684, 0.974684, 0.974684, 0.974684
591, 1.043302, 1.043302, 1.049234, 1.019805, 1.035139, 1.035139, 1.035139, 1.035139, 0.982694, 0.982694, 0.987921, 0.960094, 0.974684, 0.974684, 0.974684, 0.974684
592, 1.043302, 1.043302, 1.049234, 1.019805, 1.035139, 1.035139, 1.035139, 1.035139, 0.982694, 0.982694, 0.987921, 0.960094, 0.974684, 0.974684, 0.974684, 0.974684
593, 1.043302, 1.043302, 1.049234, 1.019805, 1.035139, 1.035139, 1.035139, 1.035139, 0.982694, 0.982694, 0.987921, 0.960094, 0.974684, 0.974684, 0.974684, 0.974684
594, 1.043302, 1.043302, 1.049234, 1.019805, 1.035139, 1.035139, 1.035139, 1.035139, 0.982694, 0.982694, 0.987921, 0.960094, 0.974684, 0.974684, 0.974684, 0.974684
595, 1.043302, 1.043302, 1.049234, 1.019805, 1.035139, 1.035139, 1.035139, 1.035139, 0.982694, 0.982694, 0.987921, 0.960094, 0.974684, 0.974684, 0.974684, 0.974684
596, 1.043302, 1.043302, 1.049234, 1.019805, 1.035139, 1.035139, 1.035139, 1.035139, 0.982694, 0.982694, 0.987921, 0.960094, 0.974684, 0.974684, 0.974684, 0.974684
597, 1.043302, 1.043302, 1.049234, 1.019805, 1.035139, 1.035139, 1.035139, 1.035139, 0.982694, 0.982694, 0.987921, 0.960094, 0.974684, 0.974684, 0.974684, 0.974684
598, 1.043302, 1.043302, 1.049234, 1.019805, 1.035139, 1.035139, 1.035139, 1.035139, 0.982694, 0.982694, 0.987921, 0.960094, 0.974684, 0.974684, 0.974684, 0.974684
599, 1.043302, 1.043302, 1.049234, 1.019805, 1.035139, 1.035139, 1.035139, 1.035139, 0.982694, 0.982694, 0.987921, 0.960094, 0.974684, 0.974684, 0.974684, 0.974684
600, 1.043302, 1.043302, 1.049234, 1.019805, 1.035139, 1.035139, 1.035139, 1.035139, 0.982694, 0.982694, 0.987921, 0.960094, 0.974684, 0.974684, 0.974684, 0.974684
601, 1.043302, 1.043302, 1.049234, 1.019805, 1.035139, 1.035139, 1.035139, 1.035139, 0.982694, 0.982694, 0.987921, 0.960094, 0.974684, 0.974684, 0.974684, 0.974684
602, 1.043302, 1.043302, 1.049234, 1.019805, 1.035139, 1.035139, 1.035139, 1.035139, 0.982694, 0.982694, 0.987921, 0.960094, 0.974684, 0.974684, 0.974684, 0.974684
603, 1.043302, 1.043302, 1.049234, 1.019805, 1.035139, 1.035139, 1.035139, 1.035139, 0.982694, 0.982694, 0.987921, 0.960094, 0.974684, 0.974684, 0.974684, 0.974684
604, 1.043302, 1.043302, 1.049234, 1.019805, 1.035139, 1.035139, 1.035139, 1.035139, 0.982694, 0.982694, 0.987921, 0.960094, 0.974684, 0.974684, 0.974684, 0.974684
605, 1.043302, 1.043302, 1.049234, 1.019805, 1.035139, 1.035139, 1.035139, 1.035139, 0.982694, 0.982694, 0.987921, 0.960094, 0.974684, 0.974684, 0.974684, 0.974684
606, 1.043302, 1.043302, 1.049234, 1.019805, 1.035139, 1.035139, 1.035139, 1.035139, 0.982694, 0.982694, 0.987921, 0.960094, 0.974684, 0.974684, 0.974684, 0.974684
607, 1.043302, 1.043302, 1.049234, 1.019805, 1.035139, 1.035139, 1.035139, 1.035139, 0.982694, 0.982694, 0.987921, 0.960094, 0.974684, 0.974684, 0.974684, 0.974684
608, 1.043302, 1.043302, 1.049234, 1.019805, 1.035139, 1.035139, 1.035139, 1.035139, 0.982694, 0.982694, 0.987921, 0.960094, 0.974684, 0.974684, 0.974684, 0.974684
609, 1.043302, 1.043302, 1.049234, 1.019805, 1.035139, 1.035139, 1.035139, 1.035139, 0.982694, 0.982694, 0.987921, 0.960094, 0.974684, 0.974684, 0.974684, 0.974684
610, 1.043302, 1.043302, 1.049234, 1.019805, 1.035139, 1.035139, 1.035139, 1.035139, 0.982694, 0.982694, 0.987921, 0.960094, 0.974684, 0.974684, 0.974684, 0.974684
611, 1.043302, 1.043302, 1.049234, 1.019805, 1.035139, 1.035139, 1.035139, 1.035139, 0.982694, 0.982694, 0.987921, 0.960094, 0.974684, 0.974684, 0.974684, 0.974684
612, 1.043302, 1.043302, 1.049234, 1.019805, 1.035139, 1.035139, 1.035139, 1.035139, 0.982694, 0.982694, 0.987921, 0.960094, 0.974684, 0.974684, 0.974684, 0.974684
613, 1.043302, 1.043302, 1.049234, 1.019805, 1.035139, 1.035139, 1.035139, 1.035139, 0.982694, 0.982694, 0.987921, 0.960094, 0.974684, 0.974684, 0.974684, 0.974684
614, 1.043302, 1.043302, 1.049234, 1.019805, 1.035139, 1.035139, 1.035139, 1.035139, 0.982694, 0.982694, 0.987921, 0.960094, 0.974684, 0.974684, 0.974684, 0.974684
615, 1.043302, 1.043302, 1.049234, 1.019805, 1.035139, 1.035139, 1.035139, 1.035139, 0.982694, 0.982694, 0.987921, 0.960094, 0.974684, 0.974684, 0.974684, 0.974684
616, 1.043302, 1.043302, 1.049234, 1.019805, 1.035139, 1.035139, 1.035139, 1.035139, 0.982694, 0.982694, 0.987921, 0.960094, 0.974684, 0.974684, 0.974684, 0.974684
617, 1.043302, 1.043302, 1.049234, 1.019805, 1.035139, 1.035139, 1.035139, 1.035139, 0.982694, 0.982694, 0.987921, 0.960094, 0.974684, 0.974684, 0.974684, 0.974684
618, 1.043302, 1.043302, 1.049234, 1.019805, 1.035139, 1.035139, 1.035139, 1.035139, 0.982694, 0.982694, 0.987921, 0.960094, 0.974684, 0.974684, 0.974684, 0.974684
619, 1.043302, 1.043302, 1.049234, 1.019805, 1.035139, 1.035139, 1.035139, 1.035139, 0.982694, 0.982694, 0.987921, 0.960094, 0.974684, 0.974684, 0.974684, 0.974684
620, 1.043302, 1.043302, 1.049234, 1.019805, 1.035139, 1.035139, 1.035139, 1.035139, 0.982694, 0.982694, 0.987921, 0.960094, 0.974684, 0.974684, 0.974684, 0.974684
621, 1.043302, 1.043302, 1.049234, 1.019805, 1.035139, 1.035139, 1.035139, 1.035139, 0.982694, 0.982694, 0.987921, 0.960094, 0.974684, 0.974684, 0.974684, 0.974684
622, 1.043302, 1.043302, 1.049234, 1.019805, 1.035139, 1.035139, 1.035139, 1.035139, 0.982694, 0.982694, 0.987921, 0.960094, 0.974684, 0.974684, 0.974684, 0.974684
623, 1.043302, 1.043302, 1.049234, 1.019805, 1.035139, 1.035139, 1.035139, 1.035139, 0.982694, 0.982694, 0.987921, 0.960094, 0.974684, 0.974684, 0.974684, 0.974684
624, 1.043302, 1.043302, 1.049234, 1.019805, 1.035139, 1.035139, 1.035139, 1.035139, 0.982694, 0.982694, 0.987921, 0.960094, 0.974684, 0.974684, 0.974684, 0.974684
625, 1.043302, 1.043302, 1.049234, 1.019805, 1.035139, 1.035139, 1.035139, 1.035139, 0.982694, 0.982694, 0.987921, 0.960094, 0.974684, 0.974684, 0.974684, 0.974684
626, 1.043302, 1.043302, 1.049234, 1.019805, 1.035139, 1.035139, 1.035139, 1.035139, 0.982694, 0.982694, 0.987921, 0.960094, 0.974684, 0.974684, 0.974684, 0.974684
627, 1.043302, 1.043302, 1.049234, 1.019805, 1.035139, 1.035139, 1.035139, 1.035139, 0.982694, 0.982694, 0.987921, 0.960094, 0.974684, 0.974684, 0.974684, 0.974684
628, 1.043302, 1.043302, 1.049234, 1.019805, 1.035139, 1.035139, 1.035139, 1.035139, 0.982694, 0.982694, 0.987921, 0.960094, 0.974684, 0.974684, 0.974684, 0.974684
629, 1.043302, 1.043302, 1.049234, 1.019805, 1.035139, 1.035139, 1.035139, 1.035139, 0.982694, 0.982694, 0.987921, 0.960094, 0.974684, 0.974684, 0.974684, 0.974684
630, 1.043302, 1.043302, 1.049234, 1.019805, 1.035139, 1.035139, 1.035139, 1.035139, 0.982694, 0.982694, 0.987921, 0.960094, 0.974684, 0.974684, 0.974684, 0.974684
631, 1.043302, 1.043302, 1.049234, 1.019805, 1.035139, 1.035139, 1.035139, 1.035139, 0.982694, 0.982694, 0.987921, 0.960094, 0.974684, 0.974684, 0.974684, 0.974684
632, 1.043302, 1.043302, 1.049234, 1.019805, 1.035139, 1.035139, 1.035139, 1.035139, 0.982694, 0.982694, 0.987921, 0.960094, 0.974684, 0.974684, 0.974684, 0.974684
633, 1.043302, 1.043302, 1.049234, 1.019805, 1.035139, 1.035139, 1.035139, 1.035139, 0.982694, 0.982694, 0.987921, 0.960094, 0.974684, 0.974684, 0.974684, 0.974684
634, 1.043302, 1.043302, 1.049234, 1.019805, 1.035139, 1.035139, 1.035139, 1.035139, 0.982694, 0.982694, 0.987921, 0.960094, 0.974684, 0.974684, 0.974684, 0.974684
635, 1.043302, 1.043302, 1.049234, 1.019805, 1.035139, 1.035139, 1.035139, 1.035139, 0.982694, 0.982694, 0.987921, 0.960094, 0.974684, 0.974684, 0.974684, 0.974684
636, 1.043302, 1.043302, 1.049234, 1.019805, 1.035139, 1.035139, 1.035139, 1.035139, 0.982694, 0.982694, 0.987921, 0.960094, 0.974684, 0.974684, 0.974684, 0.974684
637, 1.043302, 1.043302, 1.049234, 1.019805, 1.035139, 1.035139, 1.035139, 1.035139, 0.982694, 0.982694, 0.987921, 0.960094, 0.974684, 0.974684, 0.974684, 0.974684
638, 1.043302, 1.043302, 1.049234, 1.019805, 1.035139, 1.035139, 1.035139, 1.035139, 0.982694, 0.982694, 0.987921, 0.960094, 0.974684, 0.974684, 0.974684, 0.974684
639, 1.043302, 1.043302, 1.049234, 1.019805, 1.035139, 1.035139, 1.035139, 1.035139, 0.982694, 0.982694, 0.987921, 0.960094, 0.974684, 0.974684, 0.974684, 0.974684
640, 1.043302, 1.043302, 1.049234, 1.019805, 1.035139, 1.035139, 1.035139, 1.035139, 0.982694, 0.982694, 0.987921, 0.960094, 0.974684, 0.974684, 0.974684, 0.974684
641, 1.043302, 1.043302, 1.049234, 1.019805, 1.035139, 1.035139, 1.035139, 1.035139, 0.982694, 0.982694, 0.987921, 0.960094, 0.974684, 0.974684, 0.974684, 0.974684
642, 1.043302, 1.043302, 1.049234, 1.019805, 1.035139, 1.035139, 1.035139, 1.035139, 0.982694, 0.982694, 0.987921, 0.960094, 0.974684, 0.974684, 0.974684, 0.974684
643, 1.043302, 1.043302, 1.049234, 1.019805, 1.035139, 1.035139, 1.035139, 1.035139, 0.982694, 0.982694, 0.987921, 0.960094, 0.974684, 0.974684, 0.974684, 0.974684
644, 1.043302, 1.043302, 1.049234, 1.019805, 1.035139, 1.035139, 1.035139, 1.035139, 0.982694, 0.982694, 0.987921, 0.960094, 0.974684, 0.974684, 0.974684, 0.974684
645, 1.043302, 1.043302, 1.049234, 1.019805, 1.035139, 1.035139, 1.035139, 1.035139, 0.982694, 0.982694, 0.987921, 0.960094, 0.974684, 0.974684, 0.974684, 0.974684
646, 1.043302, 1.043302, 1.049234, 1.019805, 1.035139, 1.035139, 1.035139, 1.035139, 0.982694, 0.982694, 0.987921, 0.960094, 0.974684, 0.974684, 0.974684, 0.974684
647, 1.043302, 1.043302, 1.049234, 1.019805, 1.035139, 1.035139, 1.035139, 1.035139, 0.982694, 0.982694, 0.987921, 0.960094, 0.974684, 0.974684, 0.974684, 0.974684
648, 1.043302, 1.043302, 1.049234, 1.019805, 1.035139, 1.035139, 1.035139, 1.035139, 0.982694, 0.982694, 0.987921, 0.960094, 0.974684, 0.974684, 0.974684, 0.974684
649, 1.043302, 1.043302, 1.049234, 1.019805, 1.035139, 1.035139, 1.035139, 1.035139, 0.982694, 0.982694, 0.987921, 0.960094, 0.974684, 0.974684, 0.974684, 0.974684
650, 1.043302, 1.043302, 1.049234, 1.019805, 1.035139, 1.035139, 1.035139, 1.035139, 0.982694, 0.982694, 0.987921, 0.960094, 0.974684, 0.974684, 0.974684, 0.974684
651, 1.043302, 1.043302, 1.049234, 1.019805, 1.035139, 1.035139, 1.035139, 1.035139, 0.982694, 0.982694, 0.987921, 0.960094, 0.974684, 0.974684, 0.974684, 0.974684
652, 1.043302, 1.043302, 1.049234, 1.019805, 1.035139, 1.035139, 1.035139, 1.035139, 0.982694, 0.982694, 0.987921, 0.960094, 0.974684, 0.974684, 0.974684, 0.974684
653, 1.043302, 1.043302, 1.049234, 1.019805, 1.035139, 1.035139, 1.035139, 1.035139, 0.982694, 0.982694, 0.987921, 0.960094, 0.974684, 0.974684, 0.974684, 0.974684
654, 1.043302, 1.043302, 1.049234, 1.019805, 1.035139, 1.035139, 1.035139, 1.035139, 0.982694, 0.982694, 0.987921, 0.960094, 0.974684, 0.974684, 0.974684, 0.974684
655, 1.043302, 1.043302, 1.049234, 1.019805, 1.035139, 1.035139, 1.035139, 1.035139, 0.982694, 0.982694, 0.987921, 0.960094, 0.974684, 0.974684, 0.974684, 0.974684
656, 1.043302, 1.043302, 1.049234, 1.019805, 1.035139, 1.035139, 1.035139, 1.035139, 0.982694, 0.982694, 0.987921, 0.960094, 0.974684, 0.974684, 0.974684, 0.974684
657, 1.043302, 1.043302, 1.049234, 1.019805, 1.035139, 1.035139, 1.035139, 1.035139, 0.982694, 0.982694, 0.987921, 0.960094, 0.974684, 0.974684, 0.974684, 0.974684
658, 1.043302, 1.043302, 1.049234, 1.019805, 1.035139, 1.035139, 1.035139, 1.035139, 0.982694, 0.982694, 0.987921, 0.960094, 0.974684, 0.974684, 0.974684, 0.974684
659, 1.043302, 1.043302, 1.049234, 1.019805, 1.035139, 1.035139, 1.035139, 1.035139, 0.982694, 0.982694, 0.987921, 0.960094, 0.974684, 0.974684, 0.974684, 0.974684
660, 1.043302, 1.043302, 1.049234, 1.019805, 1.035139, 1.035139, 1.035139, 1.035139, 0.982694, 0.982694, 0.987921, 0.960094, 0.974684, 0.974684, 0.974684, 0.974684
661, 1.043302, 1.043302, 1.049234, 1.019805, 1.035139, 1.035139, 1.035139, 1.035139, 0.982694, 0.982694, 0.987921, 0.960094, 0.974684, 0.974684, 0.974684, 0.974684
662, 1.043302, 1.043302, 1.049234, 1.019805, 1.035139, 1.035139, 1.035139, 1.035139, 0.982694, 0.982694, 0.987921, 0.960094, 0.974684, 0.974684, 0.974684, 0.974684
663, 1.043302, 1.043302, 1.049234, 1.019805, 1.035139, 1.035139, 1.035139, 1.035139, 0.982694, 0.982694, 0.987921, 0.960094, 0.974684, 0.974684, 0.974684, 0.974684
664, 1.043302, 1.043302, 1.049234, 1.019805, 1.035139, 1.035139, 1.035139, 1.035139, 0.982694, 0.982694, 0.987921, 0.960094, 0.974684, 0.974684, 0.974684, 0.974684
665, 1.043302, 1.043302, 1.049234, 1.019805, 1.035139, 1.035139, 1.035139, 1.035139, 0.982694, 0.982694, 0.987921, 0.960094, 0.974684, 0.974684, 0.974684, 0.974684
666, 1.043302, 1.043302, 1.049234, 1.019805, 1.035139, 1.035139, 1.035139, 1.035139, 0.982694, 0.982694, 0.987921, 0.960094, 0.974684, 0.974684, 0.974684, 0.974684
667, 1.043302, 1.043302, 1.049234, 1.019805, 1.035139, 1.035139, 1.035139, 1.035139, 0.982694, 0.982694, 0.987921, 0.960094, 0.974684, 0.974684, 0.974684, 0.974684
668, 1.043302, 1.043302, 1.049234, 1.019805, 1.035139, 1.035139, 1.035139, 1.035139, 0.982694, 0.982694, 0.987921, 0.960094, 0.974684, 0.974684, 0.974684, 0.974684
669, 1.043302, 1.043302, 1.049234, 1.019805, 1.035139, 1.035139, 1.035139, 1.035139, 0.982694, 0.982694, 0.987921, 0.960094, 0.974684, 0.974684, 0.974684, 0.974684
670, 1.043302, 1.043302, 1.049234, 1.019805, 1.035139, 1.035139, 1.035139, 1.035139, 0.982694, 0.982694, 0.987921, 0.960094, 0.974684, 0.974684, 0.974684, 0.974684
671, 1.043302, 1.043302, 1.049234, 1.019805, 1.035139, 1.035139, 1.035139, 1.035139, 0.982694, 0.982694, 0.987921, 0.960094, 0.974684, 0.974684, 0.974684, 0.974684
672, 1.043302, 1.043302, 1.049234, 1.019805, 1.035139, 1.035139, 1.035139, 1.035139, 0.982694, 0.982694, 0.987921, 0.960094, 0.974684, 0.974684, 0.974684, 0.974684
673, 1.043302, 1.043302, 1.049234, 1.019805, 1.035139, 1.035139, 1.035139, 1.035139, 0.982694, 0.982694, 0.987921, 0.960094, 0.974684, 0.974684, 0.974684, 0.974684
674, 1.043302, 1.043302, 1.049234, 1.019805, 1.035139, 1.035139, 1.035139, 1.035139, 0.982694, 0.982694, 0.987921, 0.960094, 0.974684, 0.974684, 0.974684, 0.974684
675, 1.043302, 1.043302, 1.049234, 1.019805, 1.035139, 1.035139, 1.035139, 1.035139, 0.982694, 0.982694, 0.987921, 0.960094, 0.974684, 0.974684, 0.974684, 0.974684
676, 1.043302, 1.043302, 1.049234, 1.019805, 1.035139, 1.035139, 1.035139, 1.035139, 0.982694, 0.982694, 0.987921, 0.960094, 0.974684, 0.974684, 0.974684, 0.974684
677, 1.043302, 1.043302, 1.049234, 1.019805, 1.035139, 1.035139, 1.035139, 1.035139, 0.982694, 0.982694, 0.987921, 0.960094, 0.974684, 0.974684, 0.974684, 0.974684
678, 1.043302, 1.043302, 1.049234, 1.019805, 1.035139, 1.035139, 1.035139, 1.035139, 0.982694, 0.982694, 0.987921, 0.960094, 0.974684, 0.974684, 0.974684, 0.974684
679, 1.043302, 1.043302, 1.049234, 1.019805, 1.035139, 1.035139, 1.035139, 1.035139, 0.982694, 0.982694, 0.987921, 0.960094, 0.974684, 0.974684, 0.974684, 0.974684
680, 1.043302, 1.043302, 1.049234, 1.019805, 1.035139, 1.035139, 1.035139, 1.035139, 0.982694, 0.982694, 0.987921, 0.960094, 0.974684, 0.974684, 0.974684, 0.974684
681, 1.043302, 1.043302, 1.049234, 1.019805, 1.035139, 1.035139, 1.035139, 1.035139, 0.982694, 0.982694, 0.987921, 0.960094, 0.974684, 0.974684, 0.974684, 0.974684
682, 1.043302, 1.043302, 1.049234, 1.019805, 1.035139, 1.035139, 1.035139, 1.035139, 0.982694, 0.982694, 0.987921, 0.960094, 0.974684, 0.974684, 0.974684, 0.974684
683, 1.043302, 1.043302, 1.049234, 1.019805, 1.035139, 1.035139, 1.035139, 1.035139, 0.982694, 0.982694, 0.987921, 0.960094, 0.974684, 0.974684, 0.974684, 0.974684
684, 1.043302, 1.043302, 1.049234, 1.019805, 1.035139, 1.035139, 1.035139, 1.035139, 0.982694, 0.982694, 0.987921, 0.960094, 0.974684, 0.974684, 0.974684, 0.974684
685, 1.043302, 1.043302, 1.049234, 1.019805, 1.035139, 1.035139, 1.035139, 1.035139, 0.982694, 0.982694, 0.987921, 0.960094, 0.974684, 0.974684, 0.974684, 0.974684
686, 1.043302, 1.043302, 1.049234, 1.019805, 1.035139, 1.035139, 1.035139, 1.035139, 0.982694, 0.982694, 0.987921, 0.960094, 0.974684, 0.974684, 0.974684, 0.974684
687, 1.043302, 1.043302, 1.049234, 1.019805, 1.035139, 1.035139, 1.035139, 1.035139, 0.982694, 0.982694, 0.987921, 0.960094, 0.974684, 0.974684, 0.974684, 0.974684
688, 1.043302, 1.043302, 1.049234, 1.019805, 1.035139, 1.035139, 1.035139, 1.035139, 0.982694, 0.982694, 0.987921, 0.960094, 0.974684, 0.974684, 0.974684, 0.974684
689, 1.043302, 1.043302, 1.049234, 1.019805, 1.035139, 1.035139, 1.035139, 1.035139, 0.982694, 0.982694, 0.987921, 0.960094, 0.974684, 0.974684, 0.974684, 0.974684
690, 1.043302, 1.043302, 1.049234, 1.019805, 1.035139, 1.035139, 1.035139, 1.035139, 0.982694, 0.982694, 0.987921, 0.960094, 0.974684, 0.974684, 0.974684, 0.974684
691, 1.043302, 1.043302, 1.049234, 1.019805, 1.035139, 1.035139, 1.035139, 1.035139, 0.982694, 0.982694, 0.987921, 0.960094, 0.974684, 0.974684, 0.974684, 0.974684
692, 1.043302, 1.043302, 1.049234, 1.019805, 1.035139, 1.035139, 1.035139, 1.035139, 0.982694, 0.982694, 0.987921, 0.960094, 0.974684, 0.974684, 0.974684, 0.974684
693, 1.043302, 1.043302, 1.049234, 1.019805, 1.035139, 1.035139, 1.035139, 1.035139, 0.982694, 0.982694, 0.987921, 0.960094, 0.974684, 0.974684, 0.974684, 0.974684
694, 1.043302, 1.043302, 1.049234, 1.019805, 1.035139, 1.035139, 1.035139, 1.035139, 0.982694, 0.982694, 0.987921, 0.960094, 0.974684, 0.974684, 0.974684, 0.974684
695, 1.043302, 1.043302, 1.049234, 1.019805, 1.035139, 1.035139, 1.035139, 1.035139, 0.982694, 0.982694, 0.987921, 0.960094, 0.974684, 0.974684, 0.974684, 0.974684
696, 1.043302, 1.043302, 1.049234, 1.019805, 1.035139, 1.035139, 1.035139, 1.035139, 0.982694, 0.982694, 0.987921, 0.960094, 0.974684, 0.974684, 0.974684, 0.974684
697, 1.043302, 1.043302, 1.049234, 1.019805, 1.035139, 1.035139, 1.035139, 1.035139, 0.982694, 0.982694, 0.987921, 0.960094, 0.974684, 0.974684, 0.974684, 0.974684
698, 1.043302, 1.043302, 1.049234, 1.019805, 1.035139, 1.035139, 1.035139, 1.035139, 0.982694, 0.982694, 0.987921, 0.960094, 0.974684, 0.974684, 0.974684, 0.974684
699, 1.043302, 1.043302, 1.049234, 1.019805, 1.035139, 1.035139, 1.035139, 1.035139, 0.982694, 0.982694, 0.987921, 0.960094, 0.974684, 0.974684, 0.974684, 0.974684
700, 1.043302, 1.043302, 1.049234, 1.019805, 1.035139, 1.035139, 1.035139, 1.035139, 0.982694, 0.982694, 0.987921, 0.960094, 0.974684, 0.974684, 0.974684, 0.974684
701, 1.043302, 1.043302, 1.049234, 1.019805, 1.035139, 1.035139, 1.035139, 1.035139, 0.982694, 0.982694, 0.987921, 0.960094, 0.974684, 0.974684, 0.974684, 0.974684
702, 1.043302, 1.043302, 1.049234, 1.019805, 1.035139, 1.035139, 1.035139, 1.035139, 0.982694, 0.982694, 0.987921, 0.960094, 0.974684, 0.974684, 0.974684, 0.974684
703, 1.043302, 1.043302, 1.049234, 1.019805, 1.035139, 1.035139, 1.035139, 1.035139, 0.982694, 0.982694, 0.987921, 0.960094, 0.974684, 0.974684, 0.974684, 0.974684
704, 1.043302, 1.043302, 1.049234, 1.019805, 1.035139, 1.035139, 1.035139, 1.035139, 0.982694, 0.982694, 0.987921, 0.960094, 0.974684, 0.974684, 0.974684, 0.974684
705, 1.043302, 1.043302, 1.049234, 1.019805, 1.035139, 1.035139, 1.035139, 1.035139, 0.982694, 0.982694, 0.987921, 0.960094, 0.974684, 0.974684, 0.974684, 0.974684
706, 1.043302, 1.043302, 1.049234, 1.019805, 1.035139, 1.035139, 1.035139, 1.035139, 0.982694, 0.982694, 0.987921, 0.960094, 0.974684, 0.974684, 0.974684, 0.974684
707, 1.043302, 1.043302, 1.049234, 1.019805, 1.035139, 1.035139, 1.035139, 1.035139, 0.982694, 0.982694, 0.987921, 0.960094, 0.974684, 0.974684, 0.974684, 0.974684
708, 1.043302, 1.043302, 1.049234, 1.019805, 1.035139, 1.035139, 1.035139, 1.035139, 0.982694, 0.982694, 0.987921, 0.960094, 0.974684, 0.974684, 0.974684, 0.974684
709, 1.043302, 1.043302, 1.049234, 1.019805, 1.035139, 1.035139, 1.035139, 1.035139, 0.982694, 0.982694, 0.987921, 0.960094, 0.974684, 0.974684, 0.974684, 0.974684
710, 1.043302, 1.043302, 1.049234, 1.019805, 1.035139, 1.035139, 1.035139, 1.035139, 0.982694, 0.982694, 0.987921, 0.960094, 0.974684, 0.974684, 0.974684, 0.974684
711, 1.043302, 1.043302, 1.049234, 1.019805, 1.035139, 1.035139, 1.035139, 1.035139, 0.982694, 0.982694, 0.987921, 0.960094, 0.974684, 0.974684, 0.974684, 0.974684
712, 1.043302, 1.043302, 1.049234, 1.019805, 1.035139, 1.035139, 1.035139, 1.035139, 0.982694, 0.982694, 0.987921, 0.960094, 0.974684, 0.974684, 0.974684, 0.974684
713, 1.043302, 1.043302, 1.049234, 1.019805, 1.035139, 1.035139, 1.035139, 1.035139, 0.982694, 0.982694, 0.987921, 0.960094, 0.974684, 0.974684, 0.974684, 0.974684
714, 1.043302, 1.043302, 1.049234, 1.019805, 1.035139, 1.035139, 1.035139, 1.035139, 0.982694, 0.982694, 0.987921, 0.960094, 0.974684, 0.974684, 0.974684, 0.974684
715, 1.043302, 1.043302, 1.049234, 1.019805, 1.035139, 1.035139, 1.035139, 1.035139, 0.982694, 0.982694, 0.987921, 0.960094, 0.974684, 0.974684, 0.974684, 0.974684
716, 1.043302, 1.043302, 1.049234, 1.019805, 1.035139, 1.035139, 1.035139, 1.035139, 0.982694, 0.982694, 0.987921, 0.960094, 0.974684, 0.974684, 0.974684, 0.974684
717, 1.043302, 1.043302, 1.049234, 1.019805, 1.035139, 1.035139, 1.035139, 1.035139, 0.982694, 0.982694, 0.987921, 0.960094, 0.974684, 0.974684, 0.974684, 0.974684
718, 1.043302, 1.043302, 1.049234, 1.019805, 1.035139, 1.035139, 1.035139, 1.035139, 0.982694, 0.982694, 0.987921, 0.960094, 0.974684, 0.974684, 0.974684, 0.974684
719, 1.043302, 1.043302, 1.049234, 1.019805, 1.035139, 1.035139, 1.035139, 1.035139, 0.982694, 0.982694, 0.987921, 0.960094, 0.974684, 0.974684, 0.974684, 0.974684
720, 1.043302, 1.043302, 1.049234, 1.019805, 1.035139, 1.035139, 1.035139, 1.035139, 0.982694, 0.982694, 0.987921, 0.960094, 0.974684, 0.974684, 0.974684, 0.974684
721, 1.043302, 1.043302, 1.049234, 1.019805, 1.035139, 1.035139, 1.035139, 1.035139, 0.982694, 0.982694, 0.987921, 0.960094, 0.974684, 0.974684, 0.974684, 0.974684
722, 1.043302, 1.043302, 1.049234, 1.019805, 1.035139, 1.035139, 1.035139, 1.035139, 0.982694, 0.982694, 0.987921, 0.960094, 0.974684, 0.974684, 0.974684, 0.974684
723, 1.043302, 1.043302, 1.049234, 1.019805, 1.035139, 1.035139, 1.035139, 1.035139, 0.982694, 0.982694, 0.987921, 0.960094, 0.974684, 0.974684, 0.974684, 0.974684
724, 1.043302, 1.043302, 1.049234, 1.019805, 1.035139, 1.035139, 1.035139, 1.035139, 0.982694, 0.982694, 0.987921, 0.960094, 0.974684, 0.974684, 0.974684, 0.974684
725, 1.043302, 1.043302, 1.049234, 1.019805, 1.035139, 1.035139, 1.035139, 1.035139, 0.982694, 0.982694, 0.987921, 0.960094, 0.974684, 0.974684, 0.974684, 0.974684
726, 1.043302, 1.043302, 1.049234, 1.019805, 1.035139, 1.035139, 1.035139, 1.035139, 0.982694, 0.982694, 0.987921, 0.960094, 0.974684, 0.974684, 0.974684, 0.974684
727, 1.043302, 1.043302, 1.049234, 1.019805, 1.035139, 1.035139, 1.035139, 1.035139, 0.982694, 0.982694, 0.987921, 0.960094, 0.974684, 0.974684, 0.974684, 0.974684
728, 1.043302, 1.043302, 1.049234, 1.019805, 1.035139, 1.035139, 1.035139, 1.035139, 0.982694, 0.982694, 0.987921, 0.960094, 0.974684, 0.974684, 0.974684, 0.974684
729, 1.043302, 1.043302, 1.049234, 1.019805, 1.035139, 1.035139, 1.035139, 1.035139, 0.982694, 0.982694, 0.987921, 0.960094, 0.974684, 0.974684, 0.974684, 0.974684
730, 1.043302, 1.043302, 1.049234, 1.019805, 1.035139, 1.035139, 1.035139, 1.035139, 0.982694, 0.982694, 0.987921, 0.960094, 0.974684, 0.974684, 0.974684, 0.974684
731, 1.043302, 1.043302, 1.049234, 1.019805, 1.035139, 1.035139, 1.035139, 1.035139, 0.982694, 0.982694, 0.987921, 0.960094, 0.974684, 0.974684, 0.974684, 0.974684
732, 1.043302, 1.043302, 1.049234, 1.019805, 1.035139, 1.035139, 1.035139, 1.035139, 0.982694, 0.982694, 0.987921, 0.960094, 0.974684, 0.974684, 0.974684, 0.974684
733, 1.043302, 1.043302, 1.049234, 1.019805, 1.035139, 1.035139, 1.035139, 1.035139, 0.982694, 0.982694, 0.987921, 0.960094, 0.974684, 0.974684, 0.974684, 0.974684
734, 1.043302, 1.043302, 1.049234, 1.019805, 1.035139, 1.035139, 1.035139, 1.035139, 0.982694, 0.982694, 0.987921, 0.960094, 0.974684, 0.974684, 0.974684, 0.974684
735, 1.043302, 1.043302, 1.049234, 1.019805, 1.035139, 1.035139, 1.035139, 1.035139, 0.982694, 0.982694, 0.987921, 0.960094, 0.974684, 0.974684, 0.974684, 0.974684
736, 1.043302, 1.043302, 1.049234, 1.019805, 1.035139, 1.035139, 1.035139, 1.035139, 0.982694, 0.982694, 0.987921, 0.960094, 0.974684, 0.974684, 0.974684, 0.974684
737, 1.043302, 1.043302, 1.049234, 1.019805, 1.035139, 1.035139, 1.035139, 1.035139, 0.982694, 0.982694, 0.987921, 0.960094, 0.974684, 0.974684, 0.974684, 0.974684
738, 1.043302, 1.043302, 1.049234, 1.019805, 1.035139, 1.035139, 1.035139, 1.035139, 0.982694, 0.982694, 0.987921, 0.960094, 0.974684, 0.974684, 0.974684, 0.974684
739, 1.043302, 1.043302, 1.049234, 1.019805, 1.035139, 1.035139, 1.035139, 1.035139, 0.982694, 0.982694, 0.987921, 0.960094, 0.974684, 0.974684, 0.974684, 0.974684
740, 1.043302, 1.043302, 1.049234, 1.019805, 1.035139, 1.035139, 1.035139, 1.035139, 0.982694, 0.982694, 0.987921, 0.960094, 0.974684, 0.974684, 0.974684, 0.974684
741, 1.043302, 1.043302, 1.049234, 1.019805, 1.035139, 1.035139, 1.035139, 1.035139, 0.982694, 0.982694, 0.987921, 0.960094, 0.974684, 0.974684, 0.974684, 0.974684
742, 1.043302, 1.043302, 1.049234, 1.019805, 1.035139, 1.035139, 1.035139, 1.035139, 0.982694, 0.982694, 0.987921, 0.960094, 0.974684, 0.974684, 0.974684, 0.974684
743, 1.043302, 1.043302, 1.049234, 1.019805, 1.035139, 1.035139, 1.035139, 1.035139, 0.982694, 0.982694, 0.987921, 0.960094, 0.974684, 0.974684, 0.974684, 0.974684
744, 1.043302, 1.043302, 1.049234, 1.019805, 1.035139, 1.035139, 1.035139, 1.035139, 0.982694, 0.982694, 0.987921, 0.960094, 0.974684, 0.974684, 0.974684, 0.974684
745, 1.043302, 1.043302, 1.049234, 1.019805, 1.035139, 1.035139, 1.035139, 1.035139, 0.982694, 0.982694, 0.987921, 0.960094, 0.974684, 0.974684, 0.974684, 0.974684
746, 1.043302, 1.043302, 1.049234, 1.019805, 1.035139, 1.035139, 1.035139, 1.035139, 0.982694, 0.982694, 0.987921, 0.960094, 0.974684, 0.974684, 0.974684, 0.974684
747, 1.043302, 1.043302, 1.049234, 1.019805, 1.035139, 1.035139, 1.035139, 1.035139, 0.982694, 0.982694, 0.987921, 0.960094, 0.974684, 0.974684, 0.974684, 0.974684
748, 1.043302, 1.043302, 1.049234, 1.019805, 1.035139, 1.035139, 1.035139, 1.035139, 0.982694, 0.982694, 0.987921, 0.960094, 0.974684, 0.974684, 0.974684, 0.974684
749, 1.043302, 1.043302, 1.049234, 1.019805, 1.035139, 1.035139, 1.035139, 1.035139, 0.982694, 0.982694, 0.987921, 0.960094, 0.974684, 0.974684, 0.974684, 0.974684
750, 1.043302, 1.043302, 1.049234, 1.019805, 1.035139, 1.035139, 1.035139, 1.035139, 0.982694, 0.982694, 0.987921, 0.960094, 0.974684, 0.974684, 0.974684, 0.974684
751, 1.043302, 1.043302, 1.049234, 1.019805, 1.035139, 1.035139, 1.035139, 1.035139, 0.982694, 0.982694, 0.987921, 0.960094, 0.974684, 0.974684, 0.974684, 0.974684
752, 1.043302, 1.043302, 1.049234, 1.019805, 1.035139, 1.035139, 1.035139, 1.035139, 0.982694, 0.982694, 0.987921, 0.960094, 0.974684, 0.974684, 0.974684, 0.974684
753, 1.043302, 1.043302, 1.049234, 1.019805, 1.035139, 1.035139, 1.035139, 1.035139, 0.982694, 0.982694, 0.987921, 0.960094, 0.974684, 0.974684, 0.974684, 0.974684
754, 1.043302, 1.043302, 1.049234, 1.019805, 1.035139, 1.035139, 1.035139, 1.035139, 0.982694, 0.982694, 0.987921, 0.960094, 0.974684, 0.974684, 0.974684, 0.974684
755, 1.043302, 1.043302, 1.049234, 1.019805, 1.035139, 1.035139, 1.035139, 1.035139, 0.982694, 0.982694, 0.987921, 0.960094, 0.974684, 0.974684, 0.974684, 0.974684
756, 1.043302, 1.043302, 1.049234, 1.019805, 1.035139, 1.035139, 1.035139, 1.035139, 0.982694, 0.982694, 0.987921, 0.960094, 0.974684, 0.974684, 0.974684, 0.974684
757, 1.043302, 1.043302, 1.049234, 1.019805, 1.035139, 1.035139, 1.035139, 1.035139, 0.982694, 0.982694, 0.987921, 0.960094, 0.974684, 0.974684, 0.974684, 0.974684
758, 1.043302, 1.043302, 1.049234, 1.019805, 1.035139, 1.035139, 1.035139, 1.035139, 0.982694, 0.982694, 0.987921, 0.960094, 0.974684, 0.974684, 0.974684, 0.974684
759, 1.043302, 1.043302, 1.049234, 1.019805, 1.035139, 1.035139, 1.035139, 1.035139, 0.982694, 0.982694, 0.987921, 0.960094, 0.974684, 0.974684, 0.974684, 0.974684
760, 1.043302, 1.043302, 1.049234, 1.019805, 1.035139, 1.035139, 1.035139, 1.035139, 0.982694, 0.982694, 0.987921, 0.960094, 0.974684, 0.974684, 0.974684, 0.974684
761, 1.043302, 1.043302, 1.049234, 1.019805, 1.035139, 1.035139, 1.035139, 1.035139, 0.982694, 0.982694, 0.987921, 0.960094, 0.974684, 0.974684, 0.974684, 0.974684
762, 1.043302, 1.043302, 1.049234, 1.019805, 1.035139, 1.035139, 1.035139, 1.035139, 0.982694, 0.982694, 0.987921, 0.960094, 0.974684, 0.974684, 0.974684, 0.974684
763, 1.043302, 1.043302, 1.049234, 1.019805, 1.035139, 1.035139, 1.035139, 1.035139, 0.982694, 0.982694, 0.987921, 0.960094, 0.974684, 0.974684, 0.974684, 0.974684
764, 1.043302, 1.043302, 1.049234, 1.019805, 1.035139, 1.035139, 1.035139, 1.035139, 0.982694, 0.982694, 0.987921, 0.960094, 0.974684, 0.974684, 0.974684, 0.974684
765, 1.043302, 1.043302, 1.049234, 1.019805, 1.035139, 1.035139, 1.035139, 1.035139, 0.982694, 0.982694, 0.987921, 0.960094, 0.974684, 0.974684, 0.974684, 0.974684
766, 1.043302, 1.043302, 1.049234, 1.019805, 1.035139, 1.035139, 1.035139, 1.035139, 0.982694, 0.982694, 0.987921, 0.960094, 0.974684, 0.974684, 0.974684, 0.974684
767, 1.043302, 1.043302, 1.049234, 1.019805, 1.035139, 1.035139, 1.035139, 1.035139, 0.982694, 0.982694, 0.987921, 0.960094, 0.974684, 0.974684, 0.974684, 0.974684
768, 1.043302, 1.043302, 1.049234, 1.019805, 1.035139, 1.035139, 1.035139, 1.035139, 0.982694, 0.982694, 0.987921, 0.960094, 0.974684, 0.974684, 0.974684, 0.974684
769, 1.043302, 1.043302, 1.049234, 1.019805, 1.035139, 1.035139, 1.035139, 1.035139, 0.982694, 0.982694, 0.987921, 0.960094, 0.974684, 0.974684, 0.974684, 0.974684
770, 1.043302, 1.043302, 1.049234, 1.019805, 1.035139, 1.035139, 1.035139, 1.035139, 0.982694, 0.982694, 0.987921, 0.960094, 0.974684, 0.974684, 0.974684, 0.974684
771, 1.043302, 1.043302, 1.049234, 1.019805, 1.035139, 1.035139, 1.035139, 1.035139, 0.982694, 0.982694, 0.987921, 0.960094, 0.974684, 0.974684, 0.974684, 0.974684
772, 1.043302, 1.043302, 1.049234, 1.019805, 1.035139, 1.035139, 1.035139, 1.035139, 0.982694, 0.982694, 0.987921, 0.960094, 0.974684, 0.974684, 0.974684, 0.974684
773, 1.043302, 1.043302, 1.049234, 1.019805, 1.035139, 1.035139, 1.035139, 1.035139, 0.982694, 0.982694, 0.987921, 0.960094, 0.974684, 0.974684, 0.974684, 0.974684
774, 1.043302, 1.043302, 1.049234, 1.019805, 1.035139, 1.035139, 1.035139, 1.035139, 0.982694, 0.982694, 0.987921, 0.960094, 0.974684, 0.974684, 0.974684, 0.974684
775, 1.043302, 1.043302, 1.049234, 1.019805, 1.035139, 1.035139, 1.035139, 1.035139, 0.982694, 0.982694, 0.987921, 0.960094, 0.974684, 0.974684, 0.974684, 0.974684
776, 1.043302, 1.043302, 1.049234, 1.019805, 1.035139, 1.035139, 1.035139, 1.035139, 0.982694, 0.982694, 0.987921, 0.960094, 0.974684, 0.974684, 0.974684, 0.974684
777, 1.043302, 1.043302, 1.049234, 1.019805, 1.035139, 1.035139, 1.035139, 1.035139, 0.982694, 0.982694, 0.987921, 0.960094, 0.974684, 0.974684, 0.974684, 0.974684
778, 1.043302, 1.043302, 1.049234, 1.019805, 1.035139, 1.035139, 1.035139, 1.035139, 0.982694, 0.982694, 0.987921, 0.960094, 0.974684, 0.974684, 0.974684, 0.974684
779, 1.043302, 1.043302, 1.049234, 1.019805, 1.035139, 1.035139, 1.035139, 1.035139, 0.982694, 0.982694, 0.987921, 0.960094, 0.974684, 0.974684, 0.974684, 0.974684
780, 1.043302, 1.043302, 1.049234, 1.019805, 1.035139, 1.035139, 1.035139, 1.035139, 0.982694, 0.982694, 0.987921, 0.960094, 0.974684, 0.974684, 0.974684, 0.974684
781, 1.043302, 1.043302, 1.049234, 1.019805, 1.035139, 1.035139, 1.035139, 1.035139, 0.982694, 0.982694, 0.987921, 0.960094, 0.974684, 0.974684, 0.974684, 0.974684
782, 1.043302, 1.043302, 1.049234, 1.019805, 1.035139, 1.035139, 1.035139, 1.035139, 0.982694, 0.982694, 0.987921, 0.960094, 0.974684, 0.974684, 0.974684, 0.974684
783, 1.043302, 1.043302, 1.049234, 1.019805, 1.035139, 1.035139, 1.035139, 1.035139, 0.982694, 0.982694, 0.987921, 0.960094, 0.974684, 0.974684, 0.974684, 0.974684
784, 1.043302, 1.043302, 1.049234, 1.019805, 1.035139, 1.035139, 1.035139, 1.035139, 0.982694, 0.982694, 0.987921, 0.960094, 0.974684, 0.974684, 0.974684, 0.974684
785, 1.043302, 1.043302, 1.049234, 1.019805, 1.035139, 1.035139, 1.035139, 1.035139, 0.982694, 0.982694, 0.987921, 0.960094, 0.974684, 0.974684, 0.974684, 0.974684
786, 1.043302, 1.043302, 1.049234, 1.019805, 1.035139, 1.035139, 1.035139, 1.035139, 0.982694, 0.982694, 0.987921, 0.960094, 0.974684, 0.974684, 0.974684, 0.974684
787, 1.043302, 1.043302, 1.049234, 1.019805, 1.035139, 1.035139, 1.035139, 1.035139, 0.982694, 0.982694, 0.987921, 0.960094, 0.974684, 0.974684, 0.974684, 0.974684
788, 1.043302, 1.043302, 1.049234, 1.019805, 1.035139, 1.035139, 1.035139, 1.035139, 0.982694, 0.982694, 0.987921, 0.960094, 0.974684, 0.974684, 0.974684, 0.974684
789, 1.043302, 1.043302, 1.049234, 1.019805, 1.035139, 1.035139, 1.035139, 1.035139, 0.982694, 0.982694, 0.987921, 0.960094, 0.974684, 0.974684, 0.974684, 0.974684
790, 1.043302, 1.043302, 1.049234, 1.019805, 1.035139, 1.035139, 1.035139, 1.035139, 0.982694, 0.982694, 0.987921, 0.960094, 0.974684, 0.974684, 0.974684, 0.974684
791, 1.043302, 1.043302, 1.049234, 1.019805, 1.035139, 1.035139, 1.035139, 1.035139, 0.982694, 0.982694, 0.987921, 0.960094, 0.974684, 0.974684, 0.974684, 0.974684
792, 1.043302, 1.043302, 1.049234, 1.019805, 1.035139, 1.035139, 1.035139, 1.035139, 0.982694, 0.982694, 0.987921, 0.960094, 0.974684, 0.974684, 0.974684, 0.974684
793, 1.043302, 1.043302, 1.049234, 1.019805, 1.035139, 1.035139, 1.035139, 1.035139, 0.982694, 0.982694, 0.987921, 0.960094, 0.974684, 0.974684, 0.974684, 0.974684
794, 1.043302, 1.043302, 1.049234, 1.019805, 1.035139, 1.035139, 1.035139, 1.035139, 0.982694, 0.982694, 0.987921, 0.960094, 0.974684, 0.974684, 0.974684, 0.974684
795, 1.043302, 1.043302, 1.049234, 1.019805, 1.035139, 1.035139, 1.035139, 1.035139, 0.982694, 0.982694, 0.987921, 0.960094, 0.974684, 0.974684, 0.974684, 0.974684
796, 1.043302, 1.043302, 1.049234, 1.019805, 1.035139, 1.035139, 1.035139, 1.035139, 0.982694, 0.982694, 0.987921, 0.960094, 0.974684, 0.974684, 0.974684, 0.974684
797, 1.043302, 1.043302, 1.049234, 1.019805, 1.035139, 1.035139, 1.035139, 1.035139, 0.982694, 0.982694, 0.987921, 0.960094, 0.974684, 0.974684, 0.974684, 0.974684
798, 1.043302, 1.043302, 1.049234, 1.019805, 1.035139, 1.035139, 1.035139, 1.035139, 0.982694, 0.982694, 0.987921, 0.960094, 0.974684, 0.974684, 0.974684, 0.974684
799, 1.043302, 1.043302, 1.049234, 1.019805, 1.035139, 1.035139, 1.035139, 1.035139, 0.982694, 0.982694, 0.987921, 0.960094, 0.974684, 0.974684, 0.974684, 0.974684
800, 1.043302, 1.043302, 1.049234, 1.019805, 1.035139, 1.035139, 1.035139, 1.035139, 0.982694, 0.982694, 0.987921, 0.960094, 0.974684, 0.974684, 0.974684, 0.974684
801, 1.043302, 1.043302, 1.049234, 1.019805, 1.035139, 1.035139, 1.035139, 1.035139, 0.982694, 0.982694, 0.987921, 0.960094, 0.974684, 0.974684, 0.974684, 0.974684
802, 1.043302, 1.043302, 1.049234, 1.019805, 1.035139, 1.035139, 1.035139, 1.035139, 0.982694, 0.982694, 0.987921, 0.960094, 0.974684, 0.974684, 0.974684, 0.974684
803, 1.043302, 1.043302, 1.049234, 1.019805, 1.035139, 1.035139, 1.035139, 1.035139, 0.982694, 0.982694, 0.987921, 0.960094, 0.974684, 0.974684, 0.974684, 0.974684
804, 1.043302, 1.043302, 1.049234, 1.019805, 1.035139, 1.035139, 1.035139, 1.035139, 0.982694, 0.982694, 0.987921, 0.960094, 0.974684, 0.974684, 0.974684, 0.974684
805, 1.043302, 1.043302, 1.049234, 1.019805, 1.035139, 1.035139, 1.035139, 1.035139, 0.982694, 0.982694, 0.987921, 0.960094, 0.974684, 0.974684, 0.974684, 0.974684
806, 1.043302, 1.043302, 1.049234, 1.019805, 1.035139, 1.035139, 1.035139, 1.035139, 0.982694, 0.982694, 0.987921, 0.960094, 0.974684, 0.974684, 0.974684, 0.974684
807, 1.043302, 1.043302, 1.049234, 1.019805, 1.035139, 1.035139, 1.035139, 1.035139, 0.982694, 0.982694, 0.987921, 0.960094, 0.974684, 0.974684, 0.974684, 0.974684
808, 1.043302, 1.043302, 1.049234, 1.019805, 1.035139, 1.035139, 1.035139, 1.035139, 0.982694, 0.982694, 0.987921, 0.960094, 0.974684, 0.974684, 0.974684, 0.974684
809, 1.043302, 1.043302, 1.049234, 1.019805, 1.035139, 1.035139, 1.035139, 1.035139, 0.982694, 0.982694, 0.987921, 0.960094, 0.974684, 0.974684, 0.974684, 0.974684
810, 1.043302, 1.043302, 1.049234, 1.019805, 1.035139, 1.035139, 1.035139, 1.035139, 0.982694, 0.982694, 0.987921, 0.960094, 0.974684, 0.974684, 0.974684, 0.974684
811, 1.043302, 1.043302, 1.049234, 1.019805, 1.035139, 1.035139, 1.035139, 1.035139, 0.982694, 0.982694, 0.987921, 0.960094, 0.974684, 0.974684, 0.974684, 0.974684
812, 1.043302, 1.043302, 1.049234, 1.019805, 1.035139, 1.035139, 1.035139, 1.035139, 0.982694, 0.982694, 0.987921, 0.960094, 0.974684, 0.974684, 0.974684, 0.974684
813, 1.043302, 1.043302, 1.049234, 1.019805, 1.035139, 1.035139, 1.035139, 1.035139, 0.982694, 0.982694, 0.987921, 0.960094, 0.974684, 0.974684, 0.974684, 0.974684
814, 1.043302, 1.043302, 1.049234, 1.019805, 1.035139, 1.035139, 1.035139, 1.035139, 0.982694, 0.982694, 0.987921, 0.960094, 0.974684, 0.974684, 0.974684, 0.974684
815, 1.043302, 1.043302, 1.049234, 1.019805, 1.035139, 1.035139, 1.035139, 1.035139, 0.982694, 0.982694, 0.987921, 0.960094, 0.974684, 0.974684, 0.974684, 0.974684
816, 1.043302, 1.043302, 1.049234, 1.019805, 1.035139, 1.035139, 1.035139, 1.035139, 0.982694, 0.982694, 0.987921, 0.960094, 0.974684, 0.974684, 0.974684, 0.974684
817, 1.043302, 1.043302, 1.049234, 1.019805, 1.035139, 1.035139, 1.035139, 1.035139, 0.982694, 0.982694, 0.987921, 0.960094, 0.974684, 0.974684, 0.974684, 0.974684
818, 1.043302, 1.043302, 1.049234, 1.019805, 1.035139, 1.035139, 1.035139, 1.035139, 0.982694, 0.982694, 0.987921, 0.960094, 0.974684, 0.974684, 0.974684, 0.974684
819, 1.043302, 1.043302, 1.049234, 1.019805, 1.035139, 1.035139, 1.035139, 1.035139, 0.982694, 0.982694, 0.987921, 0.960094, 0.974684, 0.974684, 0.974684, 0.974684
820, 1.043302, 1.043302, 1.049234, 1.019805, 1.035139, 1.035139, 1.035139, 1.035139, 0.982694, 0.982694, 0.987921, 0.960094, 0.974684, 0.974684, 0.974684, 0.974684
821, 1.043302, 1.043302, 1.049234, 1.019805, 1.035139, 1.035139, 1.035139, 1.035139, 0.982694, 0.982694, 0.987921, 0.960094, 0.974684, 0.974684, 0.974684, 0.974684
822, 1.043302, 1.043302, 1.049234, 1.019805, 1.035139, 1.035139, 1.035139, 1.035139, 0.982694, 0.982694, 0.987921, 0.960094, 0.974684, 0.974684, 0.974684, 0.974684
823, 1.043302, 1.043302, 1.049234, 1.019805, 1.035139, 1.035139, 1.035139, 1.035139, 0.982694, 0.982694, 0.987921, 0.960094, 0.974684, 0.974684, 0.974684, 0.974684
824, 1.043302, 1.043302, 1.049234, 1.019805, 1.035139, 1.035139, 1.035139, 1.035139, 0.982694, 0.982694, 0.987921, 0.960094, 0.974684, 0.974684, 0.974684, 0.974684
825, 1.043302, 1.043302, 1.049234, 1.019805, 1.035139, 1.035139, 1.035139, 1.035139, 0.982694, 0.982694, 0.987921, 0.960094, 0.974684, 0.974684, 0.974684, 0.974684
826, 1.043302, 1.043302, 1.049234, 1.019805, 1.035139, 1.035139, 1.035139, 1.035139, 0.982694, 0.982694, 0.987921, 0.960094, 0.974684, 0.974684, 0.974684, 0.974684
827, 1.043302, 1.043302, 1.049234, 1.019805, 1.035139, 1.035139, 1.035139, 1.035139, 0.982694, 0.982694, 0.987921, 0.960094, 0.974684, 0.974684, 0.974684, 0.974684
828, 1.043302, 1.043302, 1.049234, 1.019805, 1.035139, 1.035139, 1.035139, 1.035139, 0.982694, 0.982694, 0.987921, 0.960094, 0.974684, 0.974684, 0.974684, 0.974684
829, 1.043302, 1.043302, 1.049234, 1.019805, 1.035139, 1.035139, 1.035139, 1.035139, 0.982694, 0.982694, 0.987921, 0.960094, 0.974684, 0.974684, 0.974684, 0.974684
830, 1.043302, 1.043302, 1.049234, 1.019805, 1.035139, 1.035139, 1.035139, 1.035139, 0.982694, 0.982694, 0.987921, 0.960094, 0.974684, 0.974684, 0.974684, 0.974684
831, 1.043302, 1.043302, 1.049234, 1.019805, 1.035139, 1.035139, 1.035139, 1.035139, 0.982694, 0.982694, 0.987921, 0.960094, 0.974684, 0.974684, 0.974684, 0.974684
832, 1.043302, 1.043302, 1.049234, 1.019805, 1.035139, 1.035139, 1.035139, 1.035139, 0.982694, 0.982694, 0.987921, 0.960094, 0.974684, 0.974684, 0.974684, 0.974684
833, 1.043302, 1.043302, 1.049234, 1.019805, 1.035139, 1.035139, 1.035139, 1.035139, 0.982694, 0.982694, 0.987921, 0.960094, 0.974684, 0.974684, 0.974684, 0.974684
834, 1.043302, 1.043302, 1.049234, 1.019805, 1.035139, 1.035139, 1.035139, 1.035139, 0.982694, 0.982694, 0.987921, 0.960094, 0.974684, 0.974684, 0.974684, 0.974684
835, 1.043302, 1.043302, 1.049234, 1.019805, 1.035139, 1.035139, 1.035139, 1.035139, 0.982694, 0.982694, 0.987921, 0.960094, 0.974684, 0.974684, 0.974684, 0.974684
836, 1.043302, 1.043302, 1.049234, 1.019805, 1.035139, 1.035139, 1.035139, 1.035139, 0.982694, 0.982694, 0.987921, 0.960094, 0.974684, 0.974684, 0.974684, 0.974684
837, 1.043302, 1.043302, 1.049234, 1.019805, 1.035139, 1.035139, 1.035139, 1.035139, 0.982694, 0.982694, 0.987921, 0.960094, 0.974684, 0.974684, 0.974684, 0.974684
838, 1.043302, 1.043302, 1.049234, 1.019805, 1.035139, 1.035139, 1.035139, 1.035139, 0.982694, 0.982694, 0.987921, 0.960094, 0.974684, 0.974684, 0.974684, 0.974684
839, 1.043302, 1.043302, 1.049234, 1.019805, 1.035139, 1.035139, 1.035139, 1.035139, 0.982694, 0.982694, 0.987921, 0.960094, 0.974684, 0.974684, 0.974684, 0.974684
840, 1.043302, 1.043302, 1.049234, 1.019805, 1.035139, 1.035139, 1.035139, 1.035139, 0.982694, 0.982694, 0.987921, 0.960094, 0.974684, 0.974684, 0.974684, 0.974684
841, 1.043302, 1.043302, 1.049234, 1.019805, 1.035139, 1.035139, 1.035139, 1.035139, 0.982694, 0.982694, 0.987921, 0.960094, 0.974684, 0.974684, 0.974684, 0.974684
842, 1.043302, 1.043302, 1.049234, 1.019805, 1.035139, 1.035139, 1.035139, 1.035139, 0.982694, 0.982694, 0.987921, 0.960094, 0.974684, 0.974684, 0.974684, 0.974684
843, 1.043302, 1.043302, 1.049234, 1.019805, 1.035139, 1.035139, 1.035139, 1.035139, 0.982694, 0.982694, 0.987921, 0.960094, 0.974684, 0.974684, 0.974684, 0.974684
844, 1.043302, 1.043302, 1.049234, 1.019805, 1.035139, 1.035139, 1.035139, 1.035139, 0.982694, 0.982694, 0.987921, 0.960094, 0.974684, 0.974684, 0.974684, 0.974684
845, 1.043302, 1.043302, 1.049234, 1.019805, 1.035139, 1.035139, 1.035139, 1.035139, 0.982694, 0.982694, 0.987921, 0.960094, 0.974684, 0.974684, 0.974684, 0.974684
846, 1.043302, 1.043302, 1.049234, 1.019805, 1.035139, 1.035139, 1.035139, 1.035139, 0.982694, 0.982694, 0.987921, 0.960094, 0.974684, 0.974684, 0.974684, 0.974684
847, 1.043302, 1.043302, 1.049234, 1.019805, 1.035139, 1.035139, 1.035139, 1.035139, 0.982694, 0.982694, 0.987921, 0.960094, 0.974684, 0.974684, 0.974684, 0.974684
848, 1.043302, 1.043302, 1.049234, 1.019805, 1.035139, 1.035139, 1.035139, 1.035139, 0.982694, 0.982694, 0.987921, 0.960094, 0.974684, 0.974684, 0.974684, 0.974684
849, 1.043302, 1.043302, 1.049234, 1.019805, 1.035139, 1.035139, 1.035139, 1.035139, 0.982694, 0.982694, 0.987921, 0.960094, 0.974684, 0.974684, 0.974684, 0.974684
850, 1.043302, 1.043302, 1.049234, 1.019805, 1.035139, 1.035139, 1.035139, 1.035139, 0.982694, 0.982694, 0.987921, 0.960094, 0.974684, 0.974684, 0.974684, 0.974684
851, 1.043302, 1.043302, 1.049234, 1.019805, 1.035139, 1.035139, 1.035139, 1.035139, 0.982694, 0.982694, 0.987921, 0.960094, 0.974684, 0.974684, 0.974684, 0.974684
852, 1.043302, 1.043302, 1.049234, 1.019805, 1.035139, 1.035139, 1.035139, 1.035139, 0.982694, 0.982694, 0.987921, 0.960094, 0.974684, 0.974684, 0.974684, 0.974684
853, 1.043302, 1.043302, 1.049234, 1.019805, 1.035139, 1.035139, 1.035139, 1.035139, 0.982694, 0.982694, 0.987921, 0.960094, 0.974684, 0.974684, 0.974684, 0.974684
854, 1.043302, 1.043302, 1.049234, 1.019805, 1.035139, 1.035139, 1.035139, 1.035139, 0.982694, 0.982694, 0.987921, 0.960094, 0.974684, 0.974684, 0.974684, 0.974684
855, 1.043302, 1.043302, 1.049234, 1.019805, 1.035139, 1.035139, 1.035139, 1.035139, 0.982694, 0.982694, 0.987921, 0.960094, 0.974684, 0.974684, 0.974684, 0.974684
856, 1.043302, 1.043302, 1.049234, 1.019805, 1.035139, 1.035139, 1.035139, 1.035139, 0.982694, 0.982694, 0.987921, 0.960094, 0.974684, 0.974684, 0.974684, 0.974684
857, 1.043302, 1.043302, 1.049234, 1.019805, 1.035139, 1.035139, 1.035139, 1.035139, 0.982694, 0.982694, 0.987921, 0.960094, 0.974684, 0.974684, 0.974684, 0.974684
858, 1.043302, 1.043302, 1.049234, 1.019805, 1.035139, 1.035139, 1.035139, 1.035139, 0.982694, 0.982694, 0.987921, 0.960094, 0.974684, 0.974684, 0.974684, 0.974684
859, 1.043302, 1.043302, 1.049234, 1.019805, 1.035139, 1.035139, 1.035139, 1.035139, 0.982694, 0.982694, 0.987921, 0.960094, 0.974684, 0.974684, 0.974684, 0.974684
860, 1.043302, 1.043302, 1.049234, 1.019805, 1.035139, 1.035139, 1.035139, 1.035139, 0.982694, 0.982694, 0.987921, 0.960094, 0.974684, 0.974684, 0.974684, 0.974684
861, 1.043302, 1.043302, 1.049234, 1.019805, 1.035139, 1.035139, 1.035139, 1.035139, 0.982694, 0.982694, 0.987921, 0.960094, 0.974684, 0.974684, 0.974684, 0.974684
862, 1.043302, 1.043302, 1.049234, 1.019805, 1.035139, 1.035139, 1.035139, 1.035139, 0.982694, 0.982694, 0.987921, 0.960094, 0.974684, 0.974684, 0.974684, 0.974684
863, 1.043302, 1.043302, 1.049234, 1.019805, 1.035139, 1.035139, 1.035139, 1.035139, 0.982694, 0.982694, 0.987921, 0.960094, 0.974684, 0.974684, 0.974684, 0.974684
864, 1.043302, 1.043302, 1.049234, 1.019805, 1.035139, 1.035139, 1.035139, 1.035139, 0.982694, 0.982694, 0.987921, 0.960094, 0.974684, 0.974684, 0.974684, 0.974684
865, 1.043302, 1.043302, 1.049234, 1.019805, 1.035139, 1.035139, 1.035139, 1.035139, 0.982694, 0.982694, 0.987921, 0.960094, 0.974684, 0.974684, 0.974684, 0.974684
866, 1.043302, 1.043302, 1.049234, 1.019805, 1.035139, 1.035139, 1.035139, 1.035139, 0.982694, 0.982694, 0.987921, 0.960094, 0.974684, 0.974684, 0.974684, 0.974684
867, 1.043302, 1.043302, 1.049234, 1.019805, 1.035139, 1.035139, 1.035139, 1.035139, 0.982694, 0.982694, 0.987921, 0.960094, 0.974684, 0.974684, 0.974684, 0.974684
868, 1.043302, 1.043302, 1.049234, 1.019805, 1.035139, 1.035139, 1.035139, 1.035139, 0.982694, 0.982694, 0.987921, 0.960094, 0.974684, 0.974684, 0.974684, 0.974684
869, 1.043302, 1.043302, 1.049234, 1.019805, 1.035139, 1.035139, 1.035139, 1.035139, 0.982694, 0.982694, 0.987921, 0.960094, 0.974684, 0.974684, 0.974684, 0.974684
870, 1.043302, 1.043302, 1.049234, 1.019805, 1.035139, 1.035139, 1.035139, 1.035139, 0.982694, 0.982694, 0.987921, 0.960094, 0.974684, 0.974684, 0.974684, 0.974684
871, 1.043302, 1.043302, 1.049234, 1.019805, 1.035139, 1.035139, 1.035139, 1.035139, 0.982694, 0.982694, 0.987921, 0.960094, 0.974684, 0.974684, 0.974684, 0.974684
872, 1.043302, 1.043302, 1.049234, 1.019805, 1.035139, 1.035139, 1.035139, 1.035139, 0.982694, 0.982694, 0.987921, 0.960094, 0.974684, 0.974684, 0.974684, 0.974684
873, 1.043302, 1.043302, 1.049234, 1.019805, 1.035139, 1.035139, 1.035139, 1.035139, 0.982694, 0.982694, 0.987921, 0.960094, 0.974684, 0.974684, 0.974684, 0.974684
874, 1.043302, 1.043302, 1.049234, 1.019805, 1.035139, 1.035139, 1.035139, 1.035139, 0.982694, 0.982694, 0.987921, 0.960094, 0.974684, 0.974684, 0.974684, 0.974684
875, 1.043302, 1.043302, 1.049234, 1.019805, 1.035139, 1.035139, 1.035139, 1.035139, 0.982694, 0.982694, 0.987921, 0.960094, 0.974684, 0.974684, 0.974684, 0.974684
876, 1.043302, 1.043302, 1.049234, 1.019805, 1.035139, 1.035139, 1.035139, 1.035139, 0.982694, 0.982694, 0.987921, 0.960094, 0.974684, 0.974684, 0.974684, 0.974684
877, 1.043302, 1.043302, 1.049234, 1.019805, 1.035139, 1.035139, 1.035139, 1.035139, 0.982694, 0.982694, 0.987921, 0.960094, 0.974684, 0.974684, 0.974684, 0.974684
878, 1.043302, 1.043302, 1.049234, 1.019805, 1.035139, 1.035139, 1.035139, 1.035139, 0.982694, 0.982694, 0.987921, 0.960094, 0.974684, 0.974684, 0.974684, 0.974684
879, 1.043302, 1.043302, 1.049234, 1.019805, 1.035139, 1.035139, 1.035139, 1.035139, 0.982694, 0.982694, 0.987921, 0.960094, 0.974684, 0.974684, 0.974684, 0.974684
880, 1.043302, 1.043302, 1.049234, 1.019805, 1.035139, 1.035139, 1.035139, 1.035139, 0.982694, 0.982694, 0.987921, 0.960094, 0.974684, 0.974684, 0.974684, 0.974684
881, 1.043302, 1.043302, 1.049234, 1.019805, 1.035139, 1.035139, 1.035139, 1.035139, 0.982694, 0.982694, 0.987921, 0.960094, 0.974684, 0.974684, 0.974684, 0.974684
882, 1.043302, 1.043302, 1.049234, 1.019805, 1.035139, 1.035139, 1.035139, 1.035139, 0.982694, 0.982694, 0.987921, 0.960094, 0.974684, 0.974684, 0.974684, 0.974684
883, 1.043302, 1.043302, 1.049234, 1.019805, 1.035139, 1.035139, 1.035139, 1.035139, 0.982694, 0.982694, 0.987921, 0.960094, 0.974684, 0.974684, 0.974684, 0.974684
884, 1.043302, 1.043302, 1.049234, 1.019805, 1.035139, 1.035139, 1.035139, 1.035139, 0.982694, 0.982694, 0.987921, 0.960094, 0.974684, 0.974684, 0.974684, 0.974684
885, 1.043302, 1.043302, 1.049234, 1.019805, 1.035139, 1.035139, 1.035139, 1.035139, 0.982694, 0.982694, 0.987921, 0.960094, 0.974684, 0.974684, 0.974684, 0.974684
886, 1.043302, 1.043302, 1.049234, 1.019805, 1.035139, 1.035139, 1.035139, 1.035139, 0.982694, 0.982694, 0.987921, 0.960094, 0.974684, 0.974684, 0.974684, 0.974684
887, 1.043302, 1.043302, 1.049234, 1.019805, 1.035139, 1.035139, 1.035139, 1.035139, 0.982694, 0.982694, 0.987921, 0.960094, 0.974684, 0.974684, 0.974684, 0.974684
888, 1.043302, 1.043302, 1.049234, 1.019805, 1.035139, 1.035139, 1.035139, 1.035139, 0.982694, 0.982694, 0.987921, 0.960094, 0.974684, 0.974684, 0.974684, 0.974684
889, 1.043302, 1.043302, 1.049234, 1.019805, 1.035139, 1.035139, 1.035139, 1.035139, 0.982694, 0.982694, 0.987921, 0.960094, 0.974684, 0.974684, 0.974684, 0.974684
890, 1.043302, 1.043302, 1.049234, 1.019805, 1.035139, 1.035139, 1.035139, 1.035139, 0.982694, 0.982694, 0.987921, 0.960094, 0.974684, 0.974684, 0.974684, 0.974684
891, 1.043302, 1.043302, 1.049234, 1.019805, 1.035139, 1.035139, 1.035139, 1.035139, 0.982694, 0.982694, 0.987921, 0.960094, 0.974684, 0.974684, 0.974684, 0.974684
892, 1.043302, 1.043302, 1.049234, 1.019805, 1.035139, 1.035139, 1.035139, 1.035139, 0.982694, 0.982694, 0.987921, 0.960094, 0.974684, 0.974684, 0.974684, 0.974684
893, 1.043302, 1.043302, 1.049234, 1.019805, 1.035139, 1.035139, 1.035139, 1.035139, 0.982694, 0.982694, 0.987921, 0.960094, 0.974684, 0.974684, 0.974684, 0.974684
894, 1.043302, 1.043302, 1.049234, 1.019805, 1.035139, 1.035139, 1.035139, 1.035139, 0.982694, 0.982694, 0.987921, 0.960094, 0.974684, 0.974684, 0.974684, 0.974684
895, 1.043302, 1.043302, 1.049234, 1.019805, 1.035139, 1.035139, 1.035139, 1.035139, 0.982694, 0.982694, 0.987921, 0.960094, 0.974684, 0.974684, 0.974684, 0.974684
896, 1.043302, 1.043302, 1.049234, 1.019805, 1.035139, 1.035139, 1.035139, 1.035139, 0.982694, 0.982694, 0.987921, 0.960094, 0.974684, 0.974684, 0.974684, 0.974684
897, 1.043302, 1.043302, 1.049234, 1.019805, 1.035139, 1.035139, 1.035139, 1.035139, 0.982694, 0.982694, 0.987921, 0.960094, 0.974684, 0.974684, 0.974684, 0.974684
898, 1.043302, 1.043302, 1.049234, 1.019805, 1.035139, 1.035139, 1.035139, 1.035139, 0.982694, 0.982694, 0.987921, 0.960094, 0.974684, 0.974684, 0.974684, 0.974684
899, 1.043302, 1.043302, 1.049234, 1.019805, 1.035139, 1.035139, 1.035139, 1.035139, 0.982694, 0.982694, 0.987921, 0.960094, 0.974684, 0.974684, 0.974684, 0.974684
900, 1.043302, 1.043302, 1.049234, 1.019805, 1.035139, 1.035139, 1.035139, 1.035139, 0.982694, 0.982694, 0.987921, 0.960094, 0.974684, 0.974684, 0.974684, 0.974684
901, 1.043302, 1.043302, 1.049234, 1.019805, 1.035139, 1.035139, 1.035139, 1.035139, 0.982694, 0.982694, 0.987921, 0.960094, 0.974684, 0.974684, 0.974684, 0.974684
902, 1.043302, 1.043302, 1.049234, 1.019805, 1.035139, 1.035139, 1.035139, 1.035139, 0.982694, 0.982694, 0.987921, 0.960094, 0.974684, 0.974684, 0.974684, 0.974684
903, 1.043302, 1.043302, 1.049234, 1.019805, 1.035139, 1.035139, 1.035139, 1.035139, 0.982694, 0.982694, 0.987921, 0.960094, 0.974684, 0.974684, 0.974684, 0.974684
904, 1.043302, 1.043302, 1.049234, 1.019805, 1.035139, 1.035139, 1.035139, 1.035139, 0.982694, 0.982694, 0.987921, 0.960094, 0.974684, 0.974684, 0.974684, 0.974684
905, 1.043302, 1.043302, 1.049234, 1.019805, 1.035139, 1.035139, 1.035139, 1.035139, 0.982694, 0.982694, 0.987921, 0.960094, 0.974684, 0.974684, 0.974684, 0.974684
906, 1.043302, 1.043302, 1.049234, 1.019805, 1.035139, 1.035139, 1.035139, 1.035139, 0.982694, 0.982694, 0.987921, 0.960094, 0.974684, 0.974684, 0.974684, 0.974684
907, 1.043302, 1.043302, 1.049234, 1.019805, 1.035139, 1.035139, 1.035139, 1.035139, 0.982694, 0.982694, 0.987921, 0.960094, 0.974684, 0.974684, 0.974684, 0.974684
908, 1.043302, 1.043302, 1.049234, 1.019805, 1.035139, 1.035139, 1.035139, 1.035139, 0.982694, 0.982694, 0.987921, 0.960094, 0.974684, 0.974684, 0.974684, 0.974684
909, 1.043302, 1.043302, 1.049234, 1.019805, 1.035139, 1.035139, 1.035139, 1.035139, 0.982694, 0.982694, 0.987921, 0.960094, 0.974684, 0.974684, 0.974684, 0.974684
910, 1.043302, 1.043302, 1.049234, 1.019805, 1.035139, 1.035139, 1.035139, 1.035139, 0.982694, 0.982694, 0.987921, 0.960094, 0.974684, 0.974684, 0.974684, 0.974684
911, 1.043302, 1.043302, 1.049234, 1.019805, 1.035139, 1.035139, 1.035139, 1.035139, 0.982694, 0.982694, 0.987921, 0.960094, 0.974684, 0.974684, 0.974684, 0.974684
912, 1.043302, 1.043302, 1.049234, 1.019805, 1.035139, 1.035139, 1.035139, 1.035139, 0.982694, 0.982694, 0.987921, 0.960094, 0.974684, 0.974684, 0.974684, 0.974684
913, 1.043302, 1.043302, 1.049234, 1.019805, 1.035139, 1.035139, 1.035139, 1.035139, 0.982694, 0.982694, 0.987921, 0.960094, 0.974684, 0.974684, 0.974684, 0.974684
914, 1.043302, 1.043302, 1.049234, 1.019805, 1.035139, 1.035139, 1.035139, 1.035139, 0.982694, 0.982694, 0.987921, 0.960094, 0.974684, 0.974684, 0.974684, 0.974684
915, 1.043302, 1.043302, 1.049234, 1.019805, 1.035139, 1.035139, 1.035139, 1.035139, 0.982694, 0.982694, 0.987921, 0.960094, 0.974684, 0.974684, 0.974684, 0.974684
916, 1.043302, 1.043302, 1.049234, 1.019805, 1.035139, 1.035139, 1.035139, 1.035139, 0.982694, 0.982694, 0.987921, 0.960094, 0.974684, 0.974684, 0.974684, 0.974684
917, 1.043302, 1.043302, 1.049234, 1.019805, 1.035139, 1.035139, 1.035139, 1.035139, 0.982694, 0.982694, 0.987921, 0.960094, 0.974684, 0.974684, 0.974684, 0.974684
918, 1.043302, 1.043302, 1.049234, 1.019805, 1.035139, 1.035139, 1.035139, 1.035139, 0.982694, 0.982694, 0.987921, 0.960094, 0.974684, 0.974684, 0.974684, 0.974684
919, 1.043302, 1.043302, 1.049234, 1.019805, 1.035139, 1.035139, 1.035139, 1.035139, 0.982694, 0.982694, 0.987921, 0.960094, 0.974684, 0.974684, 0.974684, 0.974684
920, 1.043302, 1.043302, 1.049234, 1.019805, 1.035139, 1.035139, 1.035139, 1.035139, 0.982694, 0.982694, 0.987921, 0.960094, 0.974684, 0.974684, 0.974684, 0.974684
921, 1.043302, 1.043302, 1.049234, 1.019805, 1.035139, 1.035139, 1.035139, 1.035139, 0.982694, 0.982694, 0.987921, 0.960094, 0.974684, 0.974684, 0.974684, 0.974684
922, 1.043302, 1.043302, 1.049234, 1.019805, 1.035139, 1.035139, 1.035139, 1.035139, 0.982694, 0.982694, 0.987921, 0.960094, 0.974684, 0.974684, 0.974684, 0.974684
923, 1.043302, 1.043302, 1.049234, 1.019805, 1.035139, 1.035139, 1.035139, 1.035139, 0.982694, 0.982694, 0.987921, 0.960094, 0.974684, 0.974684, 0.974684, 0.974684
924, 1.043302, 1.043302, 1.049234, 1.019805, 1.035139, 1.035139, 1.035139, 1.035139, 0.982694, 0.982694, 0.987921, 0.960094, 0.974684, 0.974684, 0.974684, 0.974684
925, 1.043302, 1.043302, 1.049234, 1.019805, 1.035139, 1.035139, 1.035139, 1.035139, 0.982694, 0.982694, 0.987921, 0.960094, 0.974684, 0.974684, 0.974684, 0.974684
926, 1.043302, 1.043302, 1.049234, 1.019805, 1.035139, 1.035139, 1.035139, 1.035139, 0.982694, 0.982694, 0.987921, 0.960094, 0.974684, 0.974684, 0.974684, 0.974684
927, 1.043302, 1.043302, 1.049234, 1.019805, 1.035139, 1.035139, 1.035139, 1.035139, 0.982694, 0.982694, 0.987921, 0.960094, 0.974684, 0.974684, 0.974684, 0.974684
928, 1.043302, 1.043302, 1.049234, 1.019805, 1.035139, 1.035139, 1.035139, 1.035139, 0.982694, 0.982694, 0.987921, 0.960094, 0.974684, 0.974684, 0.974684, 0.974684
929, 1.043302, 1.043302, 1.049234, 1.019805, 1.035139, 1.035139, 1.035139, 1.035139, 0.982694, 0.982694, 0.987921, 0.960094, 0.974684, 0.974684, 0.974684, 0.974684
930, 1.043302, 1.043302, 1.049234, 1.019805, 1.035139, 1.035139, 1.035139, 1.035139, 0.982694, 0.982694, 0.987921, 0.960094, 0.974684, 0.974684, 0.974684, 0.974684
931, 1.043302, 1.043302, 1.049234, 1.019805, 1.035139, 1.035139, 1.035139, 1.035139, 0.982694, 0.982694, 0.987921, 0.960094, 0.974684, 0.974684, 0.974684, 0.974684
932, 1.043302, 1.043302, 1.049234, 1.019805, 1.035139, 1.035139, 1.035139, 1.035139, 0.982694, 0.982694, 0.987921, 0.960094, 0.974684, 0.974684, 0.974684, 0.974684
933, 1.043302, 1.043302, 1.049234, 1.019805, 1.035139, 1.035139, 1.035139, 1.035139, 0.982694, 0.982694, 0.987921, 0.960094, 0.974684, 0.974684, 0.974684, 0.974684
934, 1.043302, 1.043302, 1.049234, 1.019805, 1.035139, 1.035139, 1.035139, 1.035139, 0.982694, 0.982694, 0.987921, 0.960094, 0.974684, 0.974684, 0.974684, 0.974684
935, 1.043302, 1.043302, 1.049234, 1.019805, 1.035139, 1.035139, 1.035139, 1.035139, 0.982694, 0.982694, 0.987921, 0.960094, 0.974684, 0.974684, 0.974684, 0.974684
936, 1.043302, 1.043302, 1.049234, 1.019805, 1.035139, 1.035139, 1.035139, 1.035139, 0.982694, 0.982694, 0.987921, 0.960094, 0.974684, 0.974684, 0.974684, 0.974684
937, 1.043302, 1.043302, 1.049234, 1.019805, 1.035139, 1.035139, 1.035139, 1.035139, 0.982694, 0.982694, 0.987921, 0.960094, 0.974684, 0.974684, 0.974684, 0.974684
938, 1.043302, 1.043302, 1.049234, 1.019805, 1.035139, 1.035139, 1.035139, 1.035139, 0.982694, 0.982694, 0.987921, 0.960094, 0.974684, 0.974684, 0.974684, 0.974684
939, 1.043302, 1.043302, 1.049234, 1.019805, 1.035139, 1.035139, 1.035139, 1.035139, 0.982694, 0.982694, 0.987921, 0.960094, 0.974684, 0.974684, 0.974684, 0.974684
940, 1.043302, 1.043302, 1.049234, 1.019805, 1.035139, 1.035139, 1.035139, 1.035139, 0.982694, 0.982694, 0.987921, 0.960094, 0.974684, 0.974684, 0.974684, 0.974684
941, 1.043302, 1.043302, 1.049234, 1.019805, 1.035139, 1.035139, 1.035139, 1.035139, 0.982694, 0.982694, 0.987921, 0.960094, 0.974684, 0.974684, 0.974684, 0.974684
942, 1.043302, 1.043302, 1.049234, 1.019805, 1.035139, 1.035139, 1.035139, 1.035139, 0.982694, 0.982694, 0.987921, 0.960094, 0.974684, 0.974684, 0.974684, 0.974684
943, 1.043302, 1.043302, 1.049234, 1.019805, 1.035139, 1.035139, 1.035139, 1.035139, 0.982694, 0.982694, 0.987921, 0.960094, 0.974684, 0.974684, 0.974684, 0.974684
944, 1.043302, 1.043302, 1.049234, 1.019805, 1.035139, 1.035139, 1.035139, 1.035139, 0.982694, 0.982694, 0.987921, 0.960094, 0.974684, 0.974684, 0.974684, 0.974684
945, 1.043302, 1.043302, 1.049234, 1.019805, 1.035139, 1.035139, 1.035139, 1.035139, 0.982694, 0.982694, 0.987921, 0.960094, 0.974684, 0.974684, 0.974684, 0.974684
946, 1.043302, 1.043302, 1.049234, 1.019805, 1.035139, 1.035139, 1.035139, 1.035139, 0.982694, 0.982694, 0.987921, 0.960094, 0.974684, 0.974684, 0.974684, 0.974684
947, 1.043302, 1.043302, 1.049234, 1.019805, 1.035139, 1.035139, 1.035139, 1.035139, 0.982694, 0.982694, 0.987921, 0.960094, 0.974684, 0.974684, 0.974684, 0.974684
948, 1.043302, 1.043302, 1.049234, 1.019805, 1.035139, 1.035139, 1.035139, 1.035139, 0.982694, 0.982694, 0.987921, 0.960094, 0.974684, 0.974684, 0.974684, 0.974684
949, 1.043302, 1.043302, 1.049234, 1.019805, 1.035139, 1.035139, 1.035139, 1.035139, 0.982694, 0.982694, 0.987921, 0.960094, 0.974684, 0.974684, 0.974684, 0.974684
950, 1.043302, 1.043302, 1.049234, 1.019805, 1.035139, 1.035139, 1.035139, 1.035139, 0.982694, 0.982694, 0.987921, 0.960094, 0.974684, 0.974684, 0.974684, 0.974684
951, 1.043302, 1.043302, 1.049234, 1.019805, 1.035139, 1.035139, 1.035139, 1.035139, 0.982694, 0.982694, 0.987921, 0.960094, 0.974684, 0.974684, 0.974684, 0.974684
952, 1.043302, 1.043302, 1.049234, 1.019805, 1.035139, 1.035139, 1.035139, 1.035139, 0.982694, 0.982694, 0.987921, 0.960094, 0.974684, 0.974684, 0.974684, 0.974684
953, 1.043302, 1.043302, 1.049234, 1.019805, 1.035139, 1.035139, 1.035139, 1.035139, 0.982694, 0.982694, 0.987921, 0.960094, 0.974684, 0.974684, 0.974684, 0.974684
954, 1.043302, 1.043302, 1.049234, 1.019805, 1.035139, 1.035139, 1.035139, 1.035139, 0.982694, 0.982694, 0.987921, 0.960094, 0.974684, 0.974684, 0.974684, 0.974684
955, 1.043302, 1.043302, 1.049234, 1.019805, 1.035139, 1.035139, 1.035139, 1.035139, 0.982694, 0.982694, 0.987921, 0.960094, 0.974684, 0.974684, 0.974684, 0.974684
956, 1.043302, 1.043302, 1.049234, 1.019805, 1.035139, 1.035139, 1.035139, 1.035139, 0.982694, 0.982694, 0.987921, 0.960094, 0.974684, 0.974684, 0.974684, 0.974684
957, 1.043302, 1.043302, 1.049234, 1.019805, 1.035139, 1.035139, 1.035139, 1.035139, 0.982694, 0.982694, 0.987921, 0.960094, 0.974684, 0.974684, 0.974684, 0.974684
958, 1.043302, 1.043302, 1.049234, 1.019805, 1.035139, 1.035139, 1.035139, 1.035139, 0.982694, 0.982694, 0.987921, 0.960094, 0.974684, 0.974684, 0.974684, 0.974684
959, 1.000000, 1.000000, 1.000000, 1.000000, 1.000000, 1.000000, 1.000000, 1.000000, 1.000000, 1.000000, 1.000000, 1.000000, 1.000000, 1.000000, 1.000000, 1.000000
